13  15  14  6  3  
1  1  1  0  0  
1  1  1  0  0  
2  2  2  0  0  
2  2  2  0  0  
3  3  3  0  0  
3  3  3  0  0  
4  4  4  0  0  
4  4  4  0  0  
5  5  5  0  0  
5  5  5  0  0  
6  6  6  0  0  
6  6  6  0  0  
7  7  7  0  0  
7  7  7  0  0  
8  8  8  0  0  
8  8  8  0  0  
9  9  9  0  0  
9  9  9  0  0  
10  10  10  0  0  
10  10  10  0  0  
11  11  11  0  0  
11  11  11  0  0  
12  12  12  0  0  
12  12  12  0  0  
13  13  13  0  0  
13  13  13  0  0  
13  14  14  1  0  
13  14  14  1  0  
13  15  15  2  0  
13  15  15  2  0  
14  14  14  2  1  
14  14  14  2  1  
14  15  14  1  1  
14  15  14  1  1  
13  13  14  1  1  
13  13  14  1  1  
13  14  15  2  1  
13  14  15  2  1  
14  13  14  2  2  
14  13  14  2  2  
14  14  14  1  2  
14  14  14  1  2  
14  13  13  1  1  
14  13  13  1  1  
14  14  13  0  1  
14  14  13  0  1  
12  13  13  1  0  
12  13  13  1  0  
13  14  14  1  0  
13  14  14  1  0  
13  15  15  2  0  
13  15  15  2  0  
14  14  14  2  1  
14  14  14  2  1  
14  15  14  1  1  
14  15  14  1  1  
12  14  14  2  0  
12  14  14  2  0  
13  15  15  2  0  
13  15  15  2  0  
12  15  15  3  0  
12  15  15  3  0  
13  14  14  3  1  
13  14  14  3  1  
13  15  15  4  1  
13  15  15  4  1  
14  14  14  4  2  
14  14  14  4  2  
14  15  14  3  2  
14  15  14  3  2  
13  15  14  2  1  
13  15  14  2  1  
14  15  14  3  2  
14  15  14  3  2  
14  16  14  2  2  
14  16  14  2  2  
12  13  14  2  1  
12  13  14  2  1  
13  14  15  2  1  
13  14  15  2  1  
12  14  15  3  1  
12  14  15  3  1  
13  13  14  3  2  
13  13  14  3  2  
13  14  15  4  2  
13  14  15  4  2  
14  13  14  4  3  
14  13  14  4  3  
14  14  14  3  3  
14  14  14  3  3  
13  14  14  2  2  
13  14  14  2  2  
13  15  15  3  2  
13  15  15  3  2  
14  14  14  3  3  
14  14  14  3  3  
14  15  14  2  3  
14  15  14  2  3  
13  13  13  2  1  
13  13  13  2  1  
13  14  14  3  1  
13  14  14  3  1  
13  15  15  4  1  
13  15  15  4  1  
14  14  14  4  2  
14  14  14  4  2  
14  15  14  3  2  
14  15  14  3  2  
13  13  14  3  2  
13  13  14  3  2  
13  14  15  4  2  
13  14  15  4  2  
14  13  14  4  3  
14  13  14  4  3  
14  14  14  3  3  
14  14  14  3  3  
14  13  13  3  2  
14  13  13  3  2  
14  14  13  2  2  
14  14  13  2  2  
13  14  13  1  1  
13  14  13  1  1  
13  15  14  2  1  
13  15  14  2  1  
14  15  14  3  2  
14  15  14  3  2  
14  16  14  2  2  
14  16  14  2  2  
13  14  14  2  2  
13  14  14  2  2  
13  15  15  3  2  
13  15  15  3  2  
14  14  14  3  3  
14  14  14  3  3  
14  15  14  2  3  
14  15  14  2  3  
14  14  13  2  2  
14  14  13  2  2  
14  15  13  1  2  
14  15  13  1  2  
12  12  13  1  1  
12  12  13  1  1  
13  13  14  1  1  
13  13  14  1  1  
13  14  15  2  1  
13  14  15  2  1  
14  13  14  2  2  
14  13  14  2  2  
14  14  14  1  2  
14  14  14  1  2  
12  13  14  2  1  
12  13  14  2  1  
13  14  15  2  1  
13  14  15  2  1  
12  14  15  3  1  
12  14  15  3  1  
13  13  14  3  2  
13  13  14  3  2  
13  14  15  4  2  
13  14  15  4  2  
14  13  14  4  3  
14  13  14  4  3  
14  14  14  3  3  
14  14  14  3  3  
13  14  14  2  2  
13  14  14  2  2  
13  15  15  3  2  
13  15  15  3  2  
14  14  14  3  3  
14  14  14  3  3  
14  15  14  2  3  
14  15  14  2  3  
12  12  14  2  2  
12  12  14  2  2  
13  13  15  2  2  
13  13  15  2  2  
12  13  15  3  2  
12  13  15  3  2  
13  12  14  3  3  
13  12  14  3  3  
13  13  15  4  3  
13  13  15  4  3  
14  12  14  4  4  
14  12  14  4  4  
13  13  14  2  3  
13  13  14  2  3  
13  14  15  3  3  
13  14  15  3  3  
14  13  14  3  4  
14  13  14  3  4  
13  12  13  2  2  
13  12  13  2  2  
13  13  14  3  2  
13  13  14  3  2  
13  14  15  4  2  
13  14  15  4  2  
14  13  14  4  3  
14  13  14  4  3  
14  14  14  3  3  
14  14  14  3  3  
13  12  14  3  3  
13  12  14  3  3  
13  13  15  4  3  
13  13  15  4  3  
14  12  14  4  4  
14  12  14  4  4  
14  12  13  3  3  
14  12  13  3  3  
14  13  13  2  3  
14  13  13  2  3  
13  13  13  1  2  
13  13  13  1  2  
13  14  14  2  2  
13  14  14  2  2  
13  15  15  3  2  
13  15  15  3  2  
14  14  14  3  3  
14  14  14  3  3  
14  15  14  2  3  
14  15  14  2  3  
13  13  14  2  3  
13  13  14  2  3  
13  14  15  3  3  
13  14  15  3  3  
14  13  14  3  4  
14  13  14  3  4  
14  13  13  2  3  
14  13  13  2  3  
14  14  13  1  3  
14  14  13  1  3  
13  12  12  1  1  
13  12  12  1  1  
13  13  13  2  1  
13  13  13  2  1  
13  14  14  3  1  
13  14  14  3  1  
13  15  15  4  1  
13  15  15  4  1  
14  14  14  4  2  
14  14  14  4  2  
14  15  14  3  2  
14  15  14  3  2  
13  13  14  3  2  
13  13  14  3  2  
13  14  15  4  2  
13  14  15  4  2  
14  13  14  4  3  
14  13  14  4  3  
14  14  14  3  3  
14  14  14  3  3  
14  13  13  3  2  
14  13  13  3  2  
14  14  13  2  2  
14  14  13  2  2  
13  12  13  2  2  
13  12  13  2  2  
13  13  14  3  2  
13  13  14  3  2  
13  14  15  4  2  
13  14  15  4  2  
14  13  14  4  3  
14  13  14  4  3  
14  14  14  3  3  
14  14  14  3  3  
13  12  14  3  3  
13  12  14  3  3  
13  13  15  4  3  
13  13  15  4  3  
14  12  14  4  4  
14  12  14  4  4  
14  12  13  3  3  
14  12  13  3  3  
14  13  13  2  3  
14  13  13  2  3  
14  12  12  2  2  
14  12  12  2  2  
14  13  12  1  2  
14  13  12  1  2  
13  13  12  0  1  
13  13  12  0  1  
13  14  13  1  1  
13  14  13  1  1  
13  15  14  2  1  
13  15  14  2  1  
14  15  14  3  2  
14  15  14  3  2  
14  16  14  2  2  
14  16  14  2  2  
13  14  14  2  2  
13  14  14  2  2  
13  15  15  3  2  
13  15  15  3  2  
14  14  14  3  3  
14  14  14  3  3  
14  15  14  2  3  
14  15  14  2  3  
14  14  13  2  2  
14  14  13  2  2  
14  15  13  1  2  
14  15  13  1  2  
13  13  13  1  2  
13  13  13  1  2  
13  14  14  2  2  
13  14  14  2  2  
13  15  15  3  2  
13  15  15  3  2  
14  14  14  3  3  
14  14  14  3  3  
14  15  14  2  3  
14  15  14  2  3  
13  13  14  2  3  
13  13  14  2  3  
13  14  15  3  3  
13  14  15  3  3  
14  13  14  3  4  
14  13  14  3  4  
14  13  13  2  3  
14  13  13  2  3  
14  14  13  1  3  
14  14  13  1  3  
14  13  12  1  2  
14  13  12  1  2  
14  14  12  0  2  
14  14  12  0  2  
11  12  12  1  0  
11  12  12  1  0  
12  13  13  1  0  
12  13  13  1  0  
13  14  14  1  0  
13  14  14  1  0  
13  15  15  2  0  
13  15  15  2  0  
14  14  14  2  1  
14  14  14  2  1  
14  15  14  1  1  
14  15  14  1  1  
12  14  14  2  0  
12  14  14  2  0  
13  15  15  2  0  
13  15  15  2  0  
12  15  15  3  0  
12  15  15  3  0  
13  14  14  3  1  
13  14  14  3  1  
13  15  15  4  1  
13  15  15  4  1  
14  14  14  4  2  
14  14  14  4  2  
14  15  14  3  2  
14  15  14  3  2  
13  15  14  2  1  
13  15  14  2  1  
14  15  14  3  2  
14  15  14  3  2  
14  16  14  2  2  
14  16  14  2  2  
12  13  14  2  1  
12  13  14  2  1  
13  14  15  2  1  
13  14  15  2  1  
12  14  15  3  1  
12  14  15  3  1  
13  13  14  3  2  
13  13  14  3  2  
13  14  15  4  2  
13  14  15  4  2  
14  13  14  4  3  
14  13  14  4  3  
14  14  14  3  3  
14  14  14  3  3  
13  14  14  2  2  
13  14  14  2  2  
13  15  15  3  2  
13  15  15  3  2  
14  14  14  3  3  
14  14  14  3  3  
14  15  14  2  3  
14  15  14  2  3  
13  13  13  2  1  
13  13  13  2  1  
13  14  14  3  1  
13  14  14  3  1  
13  15  15  4  1  
13  15  15  4  1  
14  14  14  4  2  
14  14  14  4  2  
14  15  14  3  2  
14  15  14  3  2  
13  13  14  3  2  
13  13  14  3  2  
13  14  15  4  2  
13  14  15  4  2  
14  13  14  4  3  
14  13  14  4  3  
14  14  14  3  3  
14  14  14  3  3  
14  13  13  3  2  
14  13  13  3  2  
14  14  13  2  2  
14  14  13  2  2  
13  14  13  1  1  
13  14  13  1  1  
13  15  14  2  1  
13  15  14  2  1  
14  15  14  3  2  
14  15  14  3  2  
14  16  14  2  2  
14  16  14  2  2  
13  14  14  2  2  
13  14  14  2  2  
13  15  15  3  2  
13  15  15  3  2  
14  14  14  3  3  
14  14  14  3  3  
14  15  14  2  3  
14  15  14  2  3  
14  14  13  2  2  
14  14  13  2  2  
14  15  13  1  2  
14  15  13  1  2  
11  13  13  2  0  
11  13  13  2  0  
12  14  14  2  0  
12  14  14  2  0  
13  15  15  2  0  
13  15  15  2  0  
12  15  15  3  0  
12  15  15  3  0  
13  14  14  3  1  
13  14  14  3  1  
13  15  15  4  1  
13  15  15  4  1  
14  14  14  4  2  
14  14  14  4  2  
14  15  14  3  2  
14  15  14  3  2  
13  15  14  2  1  
13  15  14  2  1  
14  15  14  3  2  
14  15  14  3  2  
14  16  14  2  2  
14  16  14  2  2  
11  14  14  3  0  
11  14  14  3  0  
12  15  15  3  0  
12  15  15  3  0  
11  15  15  4  0  
11  15  15  4  0  
12  14  14  4  1  
12  14  14  4  1  
13  15  15  4  1  
13  15  15  4  1  
12  15  15  5  1  
12  15  15  5  1  
13  14  14  5  2  
13  14  14  5  2  
13  15  15  6  2  
13  15  15  6  2  
14  14  14  6  3  
14  14  14  6  3  
14  15  14  5  3  
14  15  14  5  3  
13  15  14  4  2  
13  15  14  4  2  
14  15  14  5  3  
14  15  14  5  3  
14  16  14  4  3  
14  16  14  4  3  
12  15  14  3  1  
12  15  14  3  1  
13  16  15  3  1  
13  16  15  3  1  
13  15  14  4  2  
13  15  14  4  2  
14  15  14  5  3  
14  15  14  5  3  
14  16  14  4  3  
14  16  14  4  3  
13  16  14  3  2  
13  16  14  3  2  
11  13  14  3  1  
11  13  14  3  1  
12  14  15  3  1  
12  14  15  3  1  
11  14  15  4  1  
11  14  15  4  1  
12  13  14  4  2  
12  13  14  4  2  
13  14  15  4  2  
13  14  15  4  2  
12  14  15  5  2  
12  14  15  5  2  
13  13  14  5  3  
13  13  14  5  3  
13  14  15  6  3  
13  14  15  6  3  
14  13  14  6  4  
14  13  14  6  4  
13  14  14  4  3  
13  14  14  4  3  
13  15  15  5  3  
13  15  15  5  3  
14  14  14  5  4  
14  14  14  5  4  
12  14  14  3  2  
12  14  14  3  2  
13  15  15  3  2  
13  15  15  3  2  
12  15  15  4  2  
12  15  15  4  2  
13  14  14  4  3  
13  14  14  4  3  
13  15  15  5  3  
13  15  15  5  3  
14  14  14  5  4  
14  14  14  5  4  
13  15  14  3  3  
13  15  14  3  3  
14  15  14  4  4  
14  15  14  4  4  
12  13  13  3  1  
12  13  13  3  1  
13  14  14  3  1  
13  14  14  3  1  
13  15  15  4  1  
13  15  15  4  1  
14  14  14  4  2  
14  14  14  4  2  
14  15  14  3  2  
14  15  14  3  2  
12  14  14  4  1  
12  14  14  4  1  
13  15  15  4  1  
13  15  15  4  1  
12  15  15  5  1  
12  15  15  5  1  
13  14  14  5  2  
13  14  14  5  2  
13  15  15  6  2  
13  15  15  6  2  
14  14  14  6  3  
14  14  14  6  3  
14  15  14  5  3  
14  15  14  5  3  
13  15  14  4  2  
13  15  14  4  2  
14  15  14  5  3  
14  15  14  5  3  
14  16  14  4  3  
14  16  14  4  3  
12  13  14  4  2  
12  13  14  4  2  
13  14  15  4  2  
13  14  15  4  2  
12  14  15  5  2  
12  14  15  5  2  
13  13  14  5  3  
13  13  14  5  3  
13  14  15  6  3  
13  14  15  6  3  
14  13  14  6  4  
14  13  14  6  4  
13  14  14  4  3  
13  14  14  4  3  
13  15  15  5  3  
13  15  15  5  3  
14  14  14  5  4  
14  14  14  5  4  
13  13  13  4  2  
13  13  13  4  2  
13  14  14  5  2  
13  14  14  5  2  
13  15  15  6  2  
13  15  15  6  2  
14  14  14  6  3  
14  14  14  6  3  
14  15  14  5  3  
14  15  14  5  3  
13  13  14  5  3  
13  13  14  5  3  
13  14  15  6  3  
13  14  15  6  3  
14  13  14  6  4  
14  13  14  6  4  
14  13  13  5  3  
14  13  13  5  3  
14  14  13  4  3  
14  14  13  4  3  
13  14  13  3  2  
13  14  13  3  2  
13  15  14  4  2  
13  15  14  4  2  
14  15  14  5  3  
14  15  14  5  3  
14  16  14  4  3  
14  16  14  4  3  
13  14  14  4  3  
13  14  14  4  3  
13  15  15  5  3  
13  15  15  5  3  
14  14  14  5  4  
14  14  14  5  4  
14  14  13  4  3  
14  14  13  4  3  
14  15  13  3  3  
14  15  13  3  3  
12  14  13  2  1  
12  14  13  2  1  
13  15  14  2  1  
13  15  14  2  1  
14  15  14  3  2  
14  15  14  3  2  
14  16  14  2  2  
14  16  14  2  2  
12  15  14  3  1  
12  15  14  3  1  
13  16  15  3  1  
13  16  15  3  1  
13  15  14  4  2  
13  15  14  4  2  
14  15  14  5  3  
14  15  14  5  3  
14  16  14  4  3  
14  16  14  4  3  
13  16  14  3  2  
13  16  14  3  2  
12  14  14  3  2  
12  14  14  3  2  
13  15  15  3  2  
13  15  15  3  2  
12  15  15  4  2  
12  15  15  4  2  
13  14  14  4  3  
13  14  14  4  3  
13  15  15  5  3  
13  15  15  5  3  
14  14  14  5  4  
14  14  14  5  4  
13  15  14  3  3  
13  15  14  3  3  
14  15  14  4  4  
14  15  14  4  4  
13  14  13  3  2  
13  14  13  3  2  
13  15  14  4  2  
13  15  14  4  2  
14  15  14  5  3  
14  15  14  5  3  
14  16  14  4  3  
14  16  14  4  3  
13  14  14  4  3  
13  14  14  4  3  
13  15  15  5  3  
13  15  15  5  3  
14  14  14  5  4  
14  14  14  5  4  
14  14  13  4  3  
14  14  13  4  3  
14  15  13  3  3  
14  15  13  3  3  
13  15  13  2  2  
13  15  13  2  2  
13  15  14  3  3  
13  15  14  3  3  
14  15  14  4  4  
14  15  14  4  4  
14  15  13  3  3  
14  15  13  3  3  
14  16  13  2  3  
14  16  13  2  3  
11  12  13  2  1  
11  12  13  2  1  
12  13  14  2  1  
12  13  14  2  1  
13  14  15  2  1  
13  14  15  2  1  
12  14  15  3  1  
12  14  15  3  1  
13  13  14  3  2  
13  13  14  3  2  
13  14  15  4  2  
13  14  15  4  2  
14  13  14  4  3  
14  13  14  4  3  
14  14  14  3  3  
14  14  14  3  3  
13  14  14  2  2  
13  14  14  2  2  
13  15  15  3  2  
13  15  15  3  2  
14  14  14  3  3  
14  14  14  3  3  
14  15  14  2  3  
14  15  14  2  3  
11  13  14  3  1  
11  13  14  3  1  
12  14  15  3  1  
12  14  15  3  1  
11  14  15  4  1  
11  14  15  4  1  
12  13  14  4  2  
12  13  14  4  2  
13  14  15  4  2  
13  14  15  4  2  
12  14  15  5  2  
12  14  15  5  2  
13  13  14  5  3  
13  13  14  5  3  
13  14  15  6  3  
13  14  15  6  3  
14  13  14  6  4  
14  13  14  6  4  
13  14  14  4  3  
13  14  14  4  3  
13  15  15  5  3  
13  15  15  5  3  
14  14  14  5  4  
14  14  14  5  4  
12  14  14  3  2  
12  14  14  3  2  
13  15  15  3  2  
13  15  15  3  2  
12  15  15  4  2  
12  15  15  4  2  
13  14  14  4  3  
13  14  14  4  3  
13  15  15  5  3  
13  15  15  5  3  
14  14  14  5  4  
14  14  14  5  4  
13  15  14  3  3  
13  15  14  3  3  
14  15  14  4  4  
14  15  14  4  4  
11  12  14  3  2  
11  12  14  3  2  
12  13  15  3  2  
12  13  15  3  2  
11  13  15  4  2  
11  13  15  4  2  
12  12  14  4  3  
12  12  14  4  3  
13  13  15  4  3  
13  13  15  4  3  
12  13  15  5  3  
12  13  15  5  3  
13  12  14  5  4  
13  12  14  5  4  
12  13  14  3  3  
12  13  14  3  3  
13  14  15  3  3  
13  14  15  3  3  
12  14  15  4  3  
12  14  15  4  3  
13  13  14  4  4  
13  13  14  4  4  
12  12  13  3  2  
12  12  13  3  2  
13  13  14  3  2  
13  13  14  3  2  
13  14  15  4  2  
13  14  15  4  2  
14  13  14  4  3  
14  13  14  4  3  
14  14  14  3  3  
14  14  14  3  3  
12  13  14  4  2  
12  13  14  4  2  
13  14  15  4  2  
13  14  15  4  2  
12  14  15  5  2  
12  14  15  5  2  
13  13  14  5  3  
13  13  14  5  3  
13  14  15  6  3  
13  14  15  6  3  
14  13  14  6  4  
14  13  14  6  4  
13  14  14  4  3  
13  14  14  4  3  
13  15  15  5  3  
13  15  15  5  3  
14  14  14  5  4  
14  14  14  5  4  
12  12  14  4  3  
12  12  14  4  3  
13  13  15  4  3  
13  13  15  4  3  
12  13  15  5  3  
12  13  15  5  3  
13  12  14  5  4  
13  12  14  5  4  
13  12  13  4  3  
13  12  13  4  3  
13  13  14  5  3  
13  13  14  5  3  
13  14  15  6  3  
13  14  15  6  3  
14  13  14  6  4  
14  13  14  6  4  
13  12  14  5  4  
13  12  14  5  4  
14  12  13  5  4  
14  12  13  5  4  
13  13  13  3  3  
13  13  13  3  3  
13  14  14  4  3  
13  14  14  4  3  
13  15  15  5  3  
13  15  15  5  3  
14  14  14  5  4  
14  14  14  5  4  
13  13  14  4  4  
13  13  14  4  4  
14  13  13  4  4  
14  13  13  4  4  
12  13  13  2  2  
12  13  13  2  2  
13  14  14  2  2  
13  14  14  2  2  
13  15  15  3  2  
13  15  15  3  2  
14  14  14  3  3  
14  14  14  3  3  
14  15  14  2  3  
14  15  14  2  3  
12  14  14  3  2  
12  14  14  3  2  
13  15  15  3  2  
13  15  15  3  2  
12  15  15  4  2  
12  15  15  4  2  
13  14  14  4  3  
13  14  14  4  3  
13  15  15  5  3  
13  15  15  5  3  
14  14  14  5  4  
14  14  14  5  4  
13  15  14  3  3  
13  15  14  3  3  
14  15  14  4  4  
14  15  14  4  4  
12  13  14  3  3  
12  13  14  3  3  
13  14  15  3  3  
13  14  15  3  3  
12  14  15  4  3  
12  14  15  4  3  
13  13  14  4  4  
13  13  14  4  4  
13  13  13  3  3  
13  13  13  3  3  
13  14  14  4  3  
13  14  14  4  3  
13  15  15  5  3  
13  15  15  5  3  
14  14  14  5  4  
14  14  14  5  4  
13  13  14  4  4  
13  13  14  4  4  
14  13  13  4  4  
14  13  13  4  4  
13  14  13  2  3  
13  14  13  2  3  
13  15  14  3  3  
13  15  14  3  3  
14  15  14  4  4  
14  15  14  4  4  
13  14  14  3  4  
13  14  14  3  4  
14  14  13  3  4  
14  14  13  3  4  
12  12  12  2  1  
12  12  12  2  1  
13  13  13  2  1  
13  13  13  2  1  
13  14  14  3  1  
13  14  14  3  1  
13  15  15  4  1  
13  15  15  4  1  
14  14  14  4  2  
14  14  14  4  2  
14  15  14  3  2  
14  15  14  3  2  
13  13  14  3  2  
13  13  14  3  2  
13  14  15  4  2  
13  14  15  4  2  
14  13  14  4  3  
14  13  14  4  3  
14  14  14  3  3  
14  14  14  3  3  
14  13  13  3  2  
14  13  13  3  2  
14  14  13  2  2  
14  14  13  2  2  
12  13  13  3  1  
12  13  13  3  1  
13  14  14  3  1  
13  14  14  3  1  
13  15  15  4  1  
13  15  15  4  1  
14  14  14  4  2  
14  14  14  4  2  
14  15  14  3  2  
14  15  14  3  2  
12  14  14  4  1  
12  14  14  4  1  
13  15  15  4  1  
13  15  15  4  1  
12  15  15  5  1  
12  15  15  5  1  
13  14  14  5  2  
13  14  14  5  2  
13  15  15  6  2  
13  15  15  6  2  
14  14  14  6  3  
14  14  14  6  3  
14  15  14  5  3  
14  15  14  5  3  
13  15  14  4  2  
13  15  14  4  2  
14  15  14  5  3  
14  15  14  5  3  
14  16  14  4  3  
14  16  14  4  3  
12  13  14  4  2  
12  13  14  4  2  
13  14  15  4  2  
13  14  15  4  2  
12  14  15  5  2  
12  14  15  5  2  
13  13  14  5  3  
13  13  14  5  3  
13  14  15  6  3  
13  14  15  6  3  
14  13  14  6  4  
14  13  14  6  4  
13  14  14  4  3  
13  14  14  4  3  
13  15  15  5  3  
13  15  15  5  3  
14  14  14  5  4  
14  14  14  5  4  
13  13  13  4  2  
13  13  13  4  2  
13  14  14  5  2  
13  14  14  5  2  
13  15  15  6  2  
13  15  15  6  2  
14  14  14  6  3  
14  14  14  6  3  
14  15  14  5  3  
14  15  14  5  3  
13  13  14  5  3  
13  13  14  5  3  
13  14  15  6  3  
13  14  15  6  3  
14  13  14  6  4  
14  13  14  6  4  
14  13  13  5  3  
14  13  13  5  3  
14  14  13  4  3  
14  14  13  4  3  
13  14  13  3  2  
13  14  13  3  2  
13  15  14  4  2  
13  15  14  4  2  
14  15  14  5  3  
14  15  14  5  3  
14  16  14  4  3  
14  16  14  4  3  
13  14  14  4  3  
13  14  14  4  3  
13  15  15  5  3  
13  15  15  5  3  
14  14  14  5  4  
14  14  14  5  4  
14  14  13  4  3  
14  14  13  4  3  
14  15  13  3  3  
14  15  13  3  3  
12  12  13  3  2  
12  12  13  3  2  
13  13  14  3  2  
13  13  14  3  2  
13  14  15  4  2  
13  14  15  4  2  
14  13  14  4  3  
14  13  14  4  3  
14  14  14  3  3  
14  14  14  3  3  
12  13  14  4  2  
12  13  14  4  2  
13  14  15  4  2  
13  14  15  4  2  
12  14  15  5  2  
12  14  15  5  2  
13  13  14  5  3  
13  13  14  5  3  
13  14  15  6  3  
13  14  15  6  3  
14  13  14  6  4  
14  13  14  6  4  
13  14  14  4  3  
13  14  14  4  3  
13  15  15  5  3  
13  15  15  5  3  
14  14  14  5  4  
14  14  14  5  4  
12  12  14  4  3  
12  12  14  4  3  
13  13  15  4  3  
13  13  15  4  3  
12  13  15  5  3  
12  13  15  5  3  
13  12  14  5  4  
13  12  14  5  4  
13  12  13  4  3  
13  12  13  4  3  
13  13  14  5  3  
13  13  14  5  3  
13  14  15  6  3  
13  14  15  6  3  
14  13  14  6  4  
14  13  14  6  4  
13  12  14  5  4  
13  12  14  5  4  
14  12  13  5  4  
14  12  13  5  4  
13  13  13  3  3  
13  13  13  3  3  
13  14  14  4  3  
13  14  14  4  3  
13  15  15  5  3  
13  15  15  5  3  
14  14  14  5  4  
14  14  14  5  4  
13  13  14  4  4  
13  13  14  4  4  
14  13  13  4  4  
14  13  13  4  4  
13  12  12  3  2  
13  12  12  3  2  
13  13  13  4  2  
13  13  13  4  2  
13  14  14  5  2  
13  14  14  5  2  
13  15  15  6  2  
13  15  15  6  2  
14  14  14  6  3  
14  14  14  6  3  
14  15  14  5  3  
14  15  14  5  3  
13  13  14  5  3  
13  13  14  5  3  
13  14  15  6  3  
13  14  15  6  3  
14  13  14  6  4  
14  13  14  6  4  
14  13  13  5  3  
14  13  13  5  3  
14  14  13  4  3  
14  14  13  4  3  
13  12  13  4  3  
13  12  13  4  3  
13  13  14  5  3  
13  13  14  5  3  
13  14  15  6  3  
13  14  15  6  3  
14  13  14  6  4  
14  13  14  6  4  
13  12  14  5  4  
13  12  14  5  4  
14  12  13  5  4  
14  12  13  5  4  
14  12  12  4  3  
14  12  12  4  3  
14  13  12  3  3  
14  13  12  3  3  
13  13  12  2  2  
13  13  12  2  2  
13  14  13  3  2  
13  14  13  3  2  
13  15  14  4  2  
13  15  14  4  2  
14  15  14  5  3  
14  15  14  5  3  
14  16  14  4  3  
14  16  14  4  3  
13  14  14  4  3  
13  14  14  4  3  
13  15  15  5  3  
13  15  15  5  3  
14  14  14  5  4  
14  14  14  5  4  
14  14  13  4  3  
14  14  13  4  3  
14  15  13  3  3  
14  15  13  3  3  
13  13  13  3  3  
13  13  13  3  3  
13  14  14  4  3  
13  14  14  4  3  
13  15  15  5  3  
13  15  15  5  3  
14  14  14  5  4  
14  14  14  5  4  
13  13  14  4  4  
13  13  14  4  4  
14  13  13  4  4  
14  13  13  4  4  
14  13  12  3  3  
14  13  12  3  3  
14  14  12  2  3  
14  14  12  2  3  
12  13  12  1  1  
12  13  12  1  1  
13  14  13  1  1  
13  14  13  1  1  
13  15  14  2  1  
13  15  14  2  1  
14  15  14  3  2  
14  15  14  3  2  
14  16  14  2  2  
14  16  14  2  2  
13  14  14  2  2  
13  14  14  2  2  
13  15  15  3  2  
13  15  15  3  2  
14  14  14  3  3  
14  14  14  3  3  
14  15  14  2  3  
14  15  14  2  3  
14  14  13  2  2  
14  14  13  2  2  
14  15  13  1  2  
14  15  13  1  2  
12  14  13  2  1  
12  14  13  2  1  
13  15  14  2  1  
13  15  14  2  1  
14  15  14  3  2  
14  15  14  3  2  
14  16  14  2  2  
14  16  14  2  2  
12  15  14  3  1  
12  15  14  3  1  
13  16  15  3  1  
13  16  15  3  1  
13  15  14  4  2  
13  15  14  4  2  
14  15  14  5  3  
14  15  14  5  3  
14  16  14  4  3  
14  16  14  4  3  
13  16  14  3  2  
13  16  14  3  2  
12  14  14  3  2  
12  14  14  3  2  
13  15  15  3  2  
13  15  15  3  2  
12  15  15  4  2  
12  15  15  4  2  
13  14  14  4  3  
13  14  14  4  3  
13  15  15  5  3  
13  15  15  5  3  
14  14  14  5  4  
14  14  14  5  4  
13  15  14  3  3  
13  15  14  3  3  
14  15  14  4  4  
14  15  14  4  4  
13  14  13  3  2  
13  14  13  3  2  
13  15  14  4  2  
13  15  14  4  2  
14  15  14  5  3  
14  15  14  5  3  
14  16  14  4  3  
14  16  14  4  3  
13  14  14  4  3  
13  14  14  4  3  
13  15  15  5  3  
13  15  15  5  3  
14  14  14  5  4  
14  14  14  5  4  
14  14  13  4  3  
14  14  13  4  3  
14  15  13  3  3  
14  15  13  3  3  
13  15  13  2  2  
13  15  13  2  2  
13  15  14  3  3  
13  15  14  3  3  
14  15  14  4  4  
14  15  14  4  4  
14  15  13  3  3  
14  15  13  3  3  
14  16  13  2  3  
14  16  13  2  3  
12  13  13  2  2  
12  13  13  2  2  
13  14  14  2  2  
13  14  14  2  2  
13  15  15  3  2  
13  15  15  3  2  
14  14  14  3  3  
14  14  14  3  3  
14  15  14  2  3  
14  15  14  2  3  
12  14  14  3  2  
12  14  14  3  2  
13  15  15  3  2  
13  15  15  3  2  
12  15  15  4  2  
12  15  15  4  2  
13  14  14  4  3  
13  14  14  4  3  
13  15  15  5  3  
13  15  15  5  3  
14  14  14  5  4  
14  14  14  5  4  
13  15  14  3  3  
13  15  14  3  3  
14  15  14  4  4  
14  15  14  4  4  
12  13  14  3  3  
12  13  14  3  3  
13  14  15  3  3  
13  14  15  3  3  
12  14  15  4  3  
12  14  15  4  3  
13  13  14  4  4  
13  13  14  4  4  
13  13  13  3  3  
13  13  13  3  3  
13  14  14  4  3  
13  14  14  4  3  
13  15  15  5  3  
13  15  15  5  3  
14  14  14  5  4  
14  14  14  5  4  
13  13  14  4  4  
13  13  14  4  4  
14  13  13  4  4  
14  13  13  4  4  
13  14  13  2  3  
13  14  13  2  3  
13  15  14  3  3  
13  15  14  3  3  
14  15  14  4  4  
14  15  14  4  4  
13  14  14  3  4  
13  14  14  3  4  
14  14  13  3  4  
14  14  13  3  4  
13  13  12  2  2  
13  13  12  2  2  
13  14  13  3  2  
13  14  13  3  2  
13  15  14  4  2  
13  15  14  4  2  
14  15  14  5  3  
14  15  14  5  3  
14  16  14  4  3  
14  16  14  4  3  
13  14  14  4  3  
13  14  14  4  3  
13  15  15  5  3  
13  15  15  5  3  
14  14  14  5  4  
14  14  14  5  4  
14  14  13  4  3  
14  14  13  4  3  
14  15  13  3  3  
14  15  13  3  3  
13  13  13  3  3  
13  13  13  3  3  
13  14  14  4  3  
13  14  14  4  3  
13  15  15  5  3  
13  15  15  5  3  
14  14  14  5  4  
14  14  14  5  4  
13  13  14  4  4  
13  13  14  4  4  
14  13  13  4  4  
14  13  13  4  4  
14  13  12  3  3  
14  13  12  3  3  
14  14  12  2  3  
14  14  12  2  3  
13  14  12  1  2  
13  14  12  1  2  
13  15  13  2  2  
13  15  13  2  2  
13  15  14  3  3  
13  15  14  3  3  
14  15  14  4  4  
14  15  14  4  4  
14  15  13  3  3  
14  15  13  3  3  
14  16  13  2  3  
14  16  13  2  3  
13  14  13  2  3  
13  14  13  2  3  
13  15  14  3  3  
13  15  14  3  3  
14  15  14  4  4  
14  15  14  4  4  
13  14  14  3  4  
13  14  14  3  4  
14  14  13  3  4  
14  14  13  3  4  
14  14  12  2  3  
14  14  12  2  3  
14  15  12  1  3  
14  15  12  1  3  
11  11  12  1  1  
11  11  12  1  1  
12  12  13  1  1  
12  12  13  1  1  
13  13  14  1  1  
13  13  14  1  1  
13  14  15  2  1  
13  14  15  2  1  
14  13  14  2  2  
14  13  14  2  2  
14  14  14  1  2  
14  14  14  1  2  
12  13  14  2  1  
12  13  14  2  1  
13  14  15  2  1  
13  14  15  2  1  
12  14  15  3  1  
12  14  15  3  1  
13  13  14  3  2  
13  13  14  3  2  
13  14  15  4  2  
13  14  15  4  2  
14  13  14  4  3  
14  13  14  4  3  
14  14  14  3  3  
14  14  14  3  3  
13  14  14  2  2  
13  14  14  2  2  
13  15  15  3  2  
13  15  15  3  2  
14  14  14  3  3  
14  14  14  3  3  
14  15  14  2  3  
14  15  14  2  3  
12  12  14  2  2  
12  12  14  2  2  
13  13  15  2  2  
13  13  15  2  2  
12  13  15  3  2  
12  13  15  3  2  
13  12  14  3  3  
13  12  14  3  3  
13  13  15  4  3  
13  13  15  4  3  
14  12  14  4  4  
14  12  14  4  4  
13  13  14  2  3  
13  13  14  2  3  
13  14  15  3  3  
13  14  15  3  3  
14  13  14  3  4  
14  13  14  3  4  
13  12  13  2  2  
13  12  13  2  2  
13  13  14  3  2  
13  13  14  3  2  
13  14  15  4  2  
13  14  15  4  2  
14  13  14  4  3  
14  13  14  4  3  
14  14  14  3  3  
14  14  14  3  3  
13  12  14  3  3  
13  12  14  3  3  
13  13  15  4  3  
13  13  15  4  3  
14  12  14  4  4  
14  12  14  4  4  
14  12  13  3  3  
14  12  13  3  3  
14  13  13  2  3  
14  13  13  2  3  
13  13  13  1  2  
13  13  13  1  2  
13  14  14  2  2  
13  14  14  2  2  
13  15  15  3  2  
13  15  15  3  2  
14  14  14  3  3  
14  14  14  3  3  
14  15  14  2  3  
14  15  14  2  3  
13  13  14  2  3  
13  13  14  2  3  
13  14  15  3  3  
13  14  15  3  3  
14  13  14  3  4  
14  13  14  3  4  
14  13  13  2  3  
14  13  13  2  3  
14  14  13  1  3  
14  14  13  1  3  
11  12  13  2  1  
11  12  13  2  1  
12  13  14  2  1  
12  13  14  2  1  
13  14  15  2  1  
13  14  15  2  1  
12  14  15  3  1  
12  14  15  3  1  
13  13  14  3  2  
13  13  14  3  2  
13  14  15  4  2  
13  14  15  4  2  
14  13  14  4  3  
14  13  14  4  3  
14  14  14  3  3  
14  14  14  3  3  
13  14  14  2  2  
13  14  14  2  2  
13  15  15  3  2  
13  15  15  3  2  
14  14  14  3  3  
14  14  14  3  3  
14  15  14  2  3  
14  15  14  2  3  
11  13  14  3  1  
11  13  14  3  1  
12  14  15  3  1  
12  14  15  3  1  
11  14  15  4  1  
11  14  15  4  1  
12  13  14  4  2  
12  13  14  4  2  
13  14  15  4  2  
13  14  15  4  2  
12  14  15  5  2  
12  14  15  5  2  
13  13  14  5  3  
13  13  14  5  3  
13  14  15  6  3  
13  14  15  6  3  
14  13  14  6  4  
14  13  14  6  4  
13  14  14  4  3  
13  14  14  4  3  
13  15  15  5  3  
13  15  15  5  3  
14  14  14  5  4  
14  14  14  5  4  
12  14  14  3  2  
12  14  14  3  2  
13  15  15  3  2  
13  15  15  3  2  
12  15  15  4  2  
12  15  15  4  2  
13  14  14  4  3  
13  14  14  4  3  
13  15  15  5  3  
13  15  15  5  3  
14  14  14  5  4  
14  14  14  5  4  
13  15  14  3  3  
13  15  14  3  3  
14  15  14  4  4  
14  15  14  4  4  
11  12  14  3  2  
11  12  14  3  2  
12  13  15  3  2  
12  13  15  3  2  
11  13  15  4  2  
11  13  15  4  2  
12  12  14  4  3  
12  12  14  4  3  
13  13  15  4  3  
13  13  15  4  3  
12  13  15  5  3  
12  13  15  5  3  
13  12  14  5  4  
13  12  14  5  4  
12  13  14  3  3  
12  13  14  3  3  
13  14  15  3  3  
13  14  15  3  3  
12  14  15  4  3  
12  14  15  4  3  
13  13  14  4  4  
13  13  14  4  4  
12  12  13  3  2  
12  12  13  3  2  
13  13  14  3  2  
13  13  14  3  2  
13  14  15  4  2  
13  14  15  4  2  
14  13  14  4  3  
14  13  14  4  3  
14  14  14  3  3  
14  14  14  3  3  
12  13  14  4  2  
12  13  14  4  2  
13  14  15  4  2  
13  14  15  4  2  
12  14  15  5  2  
12  14  15  5  2  
13  13  14  5  3  
13  13  14  5  3  
13  14  15  6  3  
13  14  15  6  3  
14  13  14  6  4  
14  13  14  6  4  
13  14  14  4  3  
13  14  14  4  3  
13  15  15  5  3  
13  15  15  5  3  
14  14  14  5  4  
14  14  14  5  4  
12  12  14  4  3  
12  12  14  4  3  
13  13  15  4  3  
13  13  15  4  3  
12  13  15  5  3  
12  13  15  5  3  
13  12  14  5  4  
13  12  14  5  4  
13  12  13  4  3  
13  12  13  4  3  
13  13  14  5  3  
13  13  14  5  3  
13  14  15  6  3  
13  14  15  6  3  
14  13  14  6  4  
14  13  14  6  4  
13  12  14  5  4  
13  12  14  5  4  
14  12  13  5  4  
14  12  13  5  4  
13  13  13  3  3  
13  13  13  3  3  
13  14  14  4  3  
13  14  14  4  3  
13  15  15  5  3  
13  15  15  5  3  
14  14  14  5  4  
14  14  14  5  4  
13  13  14  4  4  
13  13  14  4  4  
14  13  13  4  4  
14  13  13  4  4  
12  13  13  2  2  
12  13  13  2  2  
13  14  14  2  2  
13  14  14  2  2  
13  15  15  3  2  
13  15  15  3  2  
14  14  14  3  3  
14  14  14  3  3  
14  15  14  2  3  
14  15  14  2  3  
12  14  14  3  2  
12  14  14  3  2  
13  15  15  3  2  
13  15  15  3  2  
12  15  15  4  2  
12  15  15  4  2  
13  14  14  4  3  
13  14  14  4  3  
13  15  15  5  3  
13  15  15  5  3  
14  14  14  5  4  
14  14  14  5  4  
13  15  14  3  3  
13  15  14  3  3  
14  15  14  4  4  
14  15  14  4  4  
12  13  14  3  3  
12  13  14  3  3  
13  14  15  3  3  
13  14  15  3  3  
12  14  15  4  3  
12  14  15  4  3  
13  13  14  4  4  
13  13  14  4  4  
13  13  13  3  3  
13  13  13  3  3  
13  14  14  4  3  
13  14  14  4  3  
13  15  15  5  3  
13  15  15  5  3  
14  14  14  5  4  
14  14  14  5  4  
13  13  14  4  4  
13  13  14  4  4  
14  13  13  4  4  
14  13  13  4  4  
13  14  13  2  3  
13  14  13  2  3  
13  15  14  3  3  
13  15  14  3  3  
14  15  14  4  4  
14  15  14  4  4  
13  14  14  3  4  
13  14  14  3  4  
14  14  13  3  4  
14  14  13  3  4  
11  11  13  2  2  
11  11  13  2  2  
12  12  14  2  2  
12  12  14  2  2  
13  13  15  2  2  
13  13  15  2  2  
12  13  15  3  2  
12  13  15  3  2  
13  12  14  3  3  
13  12  14  3  3  
13  13  15  4  3  
13  13  15  4  3  
14  12  14  4  4  
14  12  14  4  4  
13  13  14  2  3  
13  13  14  2  3  
13  14  15  3  3  
13  14  15  3  3  
14  13  14  3  4  
14  13  14  3  4  
11  12  14  3  2  
11  12  14  3  2  
12  13  15  3  2  
12  13  15  3  2  
11  13  15  4  2  
11  13  15  4  2  
12  12  14  4  3  
12  12  14  4  3  
13  13  15  4  3  
13  13  15  4  3  
12  13  15  5  3  
12  13  15  5  3  
13  12  14  5  4  
13  12  14  5  4  
12  13  14  3  3  
12  13  14  3  3  
13  14  15  3  3  
13  14  15  3  3  
12  14  15  4  3  
12  14  15  4  3  
13  13  14  4  4  
13  13  14  4  4  
11  11  14  3  3  
11  11  14  3  3  
12  12  15  3  3  
12  12  15  3  3  
11  12  15  4  3  
11  12  15  4  3  
12  11  14  4  4  
12  11  14  4  4  
12  11  13  3  3  
12  11  13  3  3  
13  12  14  3  3  
13  12  14  3  3  
13  13  15  4  3  
13  13  15  4  3  
14  12  14  4  4  
14  12  14  4  4  
12  12  14  4  3  
12  12  14  4  3  
13  13  15  4  3  
13  13  15  4  3  
12  13  15  5  3  
12  13  15  5  3  
13  12  14  5  4  
13  12  14  5  4  
12  11  14  4  4  
12  11  14  4  4  
13  11  13  4  4  
13  11  13  4  4  
12  12  13  2  3  
12  12  13  2  3  
13  13  14  2  3  
13  13  14  2  3  
13  14  15  3  3  
13  14  15  3  3  
14  13  14  3  4  
14  13  14  3  4  
12  13  14  3  3  
12  13  14  3  3  
13  14  15  3  3  
13  14  15  3  3  
12  14  15  4  3  
12  14  15  4  3  
13  13  14  4  4  
13  13  14  4  4  
12  12  14  3  4  
12  12  14  3  4  
13  12  13  3  4  
13  12  13  3  4  
12  11  12  2  2  
12  11  12  2  2  
13  12  13  2  2  
13  12  13  2  2  
13  13  14  3  2  
13  13  14  3  2  
13  14  15  4  2  
13  14  15  4  2  
14  13  14  4  3  
14  13  14  4  3  
14  14  14  3  3  
14  14  14  3  3  
13  12  14  3  3  
13  12  14  3  3  
13  13  15  4  3  
13  13  15  4  3  
14  12  14  4  4  
14  12  14  4  4  
14  12  13  3  3  
14  12  13  3  3  
14  13  13  2  3  
14  13  13  2  3  
12  12  13  3  2  
12  12  13  3  2  
13  13  14  3  2  
13  13  14  3  2  
13  14  15  4  2  
13  14  15  4  2  
14  13  14  4  3  
14  13  14  4  3  
14  14  14  3  3  
14  14  14  3  3  
12  13  14  4  2  
12  13  14  4  2  
13  14  15  4  2  
13  14  15  4  2  
12  14  15  5  2  
12  14  15  5  2  
13  13  14  5  3  
13  13  14  5  3  
13  14  15  6  3  
13  14  15  6  3  
14  13  14  6  4  
14  13  14  6  4  
13  14  14  4  3  
13  14  14  4  3  
13  15  15  5  3  
13  15  15  5  3  
14  14  14  5  4  
14  14  14  5  4  
12  12  14  4  3  
12  12  14  4  3  
13  13  15  4  3  
13  13  15  4  3  
12  13  15  5  3  
12  13  15  5  3  
13  12  14  5  4  
13  12  14  5  4  
13  12  13  4  3  
13  12  13  4  3  
13  13  14  5  3  
13  13  14  5  3  
13  14  15  6  3  
13  14  15  6  3  
14  13  14  6  4  
14  13  14  6  4  
13  12  14  5  4  
13  12  14  5  4  
14  12  13  5  4  
14  12  13  5  4  
13  13  13  3  3  
13  13  13  3  3  
13  14  14  4  3  
13  14  14  4  3  
13  15  15  5  3  
13  15  15  5  3  
14  14  14  5  4  
14  14  14  5  4  
13  13  14  4  4  
13  13  14  4  4  
14  13  13  4  4  
14  13  13  4  4  
12  11  13  3  3  
12  11  13  3  3  
13  12  14  3  3  
13  12  14  3  3  
13  13  15  4  3  
13  13  15  4  3  
14  12  14  4  4  
14  12  14  4  4  
12  12  14  4  3  
12  12  14  4  3  
13  13  15  4  3  
13  13  15  4  3  
12  13  15  5  3  
12  13  15  5  3  
13  12  14  5  4  
13  12  14  5  4  
12  11  14  4  4  
12  11  14  4  4  
13  11  13  4  4  
13  11  13  4  4  
13  11  12  3  3  
13  11  12  3  3  
13  12  13  4  3  
13  12  13  4  3  
13  13  14  5  3  
13  13  14  5  3  
13  14  15  6  3  
13  14  15  6  3  
14  13  14  6  4  
14  13  14  6  4  
13  12  14  5  4  
13  12  14  5  4  
14  12  13  5  4  
14  12  13  5  4  
13  11  13  4  4  
13  11  13  4  4  
14  11  12  4  4  
14  11  12  4  4  
13  12  12  2  3  
13  12  12  2  3  
13  13  13  3  3  
13  13  13  3  3  
13  14  14  4  3  
13  14  14  4  3  
13  15  15  5  3  
13  15  15  5  3  
14  14  14  5  4  
14  14  14  5  4  
13  13  14  4  4  
13  13  14  4  4  
14  13  13  4  4  
14  13  13  4  4  
13  12  13  3  4  
13  12  13  3  4  
14  12  12  3  4  
14  12  12  3  4  
12  12  12  1  2  
12  12  12  1  2  
13  13  13  1  2  
13  13  13  1  2  
13  14  14  2  2  
13  14  14  2  2  
13  15  15  3  2  
13  15  15  3  2  
14  14  14  3  3  
14  14  14  3  3  
14  15  14  2  3  
14  15  14  2  3  
13  13  14  2  3  
13  13  14  2  3  
13  14  15  3  3  
13  14  15  3  3  
14  13  14  3  4  
14  13  14  3  4  
14  13  13  2  3  
14  13  13  2  3  
14  14  13  1  3  
14  14  13  1  3  
12  13  13  2  2  
12  13  13  2  2  
13  14  14  2  2  
13  14  14  2  2  
13  15  15  3  2  
13  15  15  3  2  
14  14  14  3  3  
14  14  14  3  3  
14  15  14  2  3  
14  15  14  2  3  
12  14  14  3  2  
12  14  14  3  2  
13  15  15  3  2  
13  15  15  3  2  
12  15  15  4  2  
12  15  15  4  2  
13  14  14  4  3  
13  14  14  4  3  
13  15  15  5  3  
13  15  15  5  3  
14  14  14  5  4  
14  14  14  5  4  
13  15  14  3  3  
13  15  14  3  3  
14  15  14  4  4  
14  15  14  4  4  
12  13  14  3  3  
12  13  14  3  3  
13  14  15  3  3  
13  14  15  3  3  
12  14  15  4  3  
12  14  15  4  3  
13  13  14  4  4  
13  13  14  4  4  
13  13  13  3  3  
13  13  13  3  3  
13  14  14  4  3  
13  14  14  4  3  
13  15  15  5  3  
13  15  15  5  3  
14  14  14  5  4  
14  14  14  5  4  
13  13  14  4  4  
13  13  14  4  4  
14  13  13  4  4  
14  13  13  4  4  
13  14  13  2  3  
13  14  13  2  3  
13  15  14  3  3  
13  15  14  3  3  
14  15  14  4  4  
14  15  14  4  4  
13  14  14  3  4  
13  14  14  3  4  
14  14  13  3  4  
14  14  13  3  4  
12  12  13  2  3  
12  12  13  2  3  
13  13  14  2  3  
13  13  14  2  3  
13  14  15  3  3  
13  14  15  3  3  
14  13  14  3  4  
14  13  14  3  4  
12  13  14  3  3  
12  13  14  3  3  
13  14  15  3  3  
13  14  15  3  3  
12  14  15  4  3  
12  14  15  4  3  
13  13  14  4  4  
13  13  14  4  4  
12  12  14  3  4  
12  12  14  3  4  
13  12  13  3  4  
13  12  13  3  4  
13  12  12  2  3  
13  12  12  2  3  
13  13  13  3  3  
13  13  13  3  3  
13  14  14  4  3  
13  14  14  4  3  
13  15  15  5  3  
13  15  15  5  3  
14  14  14  5  4  
14  14  14  5  4  
13  13  14  4  4  
13  13  14  4  4  
14  13  13  4  4  
14  13  13  4  4  
13  12  13  3  4  
13  12  13  3  4  
14  12  12  3  4  
14  12  12  3  4  
13  13  12  1  3  
13  13  12  1  3  
13  14  13  2  3  
13  14  13  2  3  
13  15  14  3  3  
13  15  14  3  3  
14  15  14  4  4  
14  15  14  4  4  
13  14  14  3  4  
13  14  14  3  4  
14  14  13  3  4  
14  14  13  3  4  
13  13  13  2  4  
13  13  13  2  4  
14  13  12  2  4  
14  13  12  2  4  
12  11  11  1  1  
12  11  11  1  1  
13  12  12  1  1  
13  12  12  1  1  
13  13  13  2  1  
13  13  13  2  1  
13  14  14  3  1  
13  14  14  3  1  
13  15  15  4  1  
13  15  15  4  1  
14  14  14  4  2  
14  14  14  4  2  
14  15  14  3  2  
14  15  14  3  2  
13  13  14  3  2  
13  13  14  3  2  
13  14  15  4  2  
13  14  15  4  2  
14  13  14  4  3  
14  13  14  4  3  
14  14  14  3  3  
14  14  14  3  3  
14  13  13  3  2  
14  13  13  3  2  
14  14  13  2  2  
14  14  13  2  2  
13  12  13  2  2  
13  12  13  2  2  
13  13  14  3  2  
13  13  14  3  2  
13  14  15  4  2  
13  14  15  4  2  
14  13  14  4  3  
14  13  14  4  3  
14  14  14  3  3  
14  14  14  3  3  
13  12  14  3  3  
13  12  14  3  3  
13  13  15  4  3  
13  13  15  4  3  
14  12  14  4  4  
14  12  14  4  4  
14  12  13  3  3  
14  12  13  3  3  
14  13  13  2  3  
14  13  13  2  3  
14  12  12  2  2  
14  12  12  2  2  
14  13  12  1  2  
14  13  12  1  2  
12  12  12  2  1  
12  12  12  2  1  
13  13  13  2  1  
13  13  13  2  1  
13  14  14  3  1  
13  14  14  3  1  
13  15  15  4  1  
13  15  15  4  1  
14  14  14  4  2  
14  14  14  4  2  
14  15  14  3  2  
14  15  14  3  2  
13  13  14  3  2  
13  13  14  3  2  
13  14  15  4  2  
13  14  15  4  2  
14  13  14  4  3  
14  13  14  4  3  
14  14  14  3  3  
14  14  14  3  3  
14  13  13  3  2  
14  13  13  3  2  
14  14  13  2  2  
14  14  13  2  2  
12  13  13  3  1  
12  13  13  3  1  
13  14  14  3  1  
13  14  14  3  1  
13  15  15  4  1  
13  15  15  4  1  
14  14  14  4  2  
14  14  14  4  2  
14  15  14  3  2  
14  15  14  3  2  
12  14  14  4  1  
12  14  14  4  1  
13  15  15  4  1  
13  15  15  4  1  
12  15  15  5  1  
12  15  15  5  1  
13  14  14  5  2  
13  14  14  5  2  
13  15  15  6  2  
13  15  15  6  2  
14  14  14  6  3  
14  14  14  6  3  
14  15  14  5  3  
14  15  14  5  3  
13  15  14  4  2  
13  15  14  4  2  
14  15  14  5  3  
14  15  14  5  3  
14  16  14  4  3  
14  16  14  4  3  
12  13  14  4  2  
12  13  14  4  2  
13  14  15  4  2  
13  14  15  4  2  
12  14  15  5  2  
12  14  15  5  2  
13  13  14  5  3  
13  13  14  5  3  
13  14  15  6  3  
13  14  15  6  3  
14  13  14  6  4  
14  13  14  6  4  
13  14  14  4  3  
13  14  14  4  3  
13  15  15  5  3  
13  15  15  5  3  
14  14  14  5  4  
14  14  14  5  4  
13  13  13  4  2  
13  13  13  4  2  
13  14  14  5  2  
13  14  14  5  2  
13  15  15  6  2  
13  15  15  6  2  
14  14  14  6  3  
14  14  14  6  3  
14  15  14  5  3  
14  15  14  5  3  
13  13  14  5  3  
13  13  14  5  3  
13  14  15  6  3  
13  14  15  6  3  
14  13  14  6  4  
14  13  14  6  4  
14  13  13  5  3  
14  13  13  5  3  
14  14  13  4  3  
14  14  13  4  3  
13  14  13  3  2  
13  14  13  3  2  
13  15  14  4  2  
13  15  14  4  2  
14  15  14  5  3  
14  15  14  5  3  
14  16  14  4  3  
14  16  14  4  3  
13  14  14  4  3  
13  14  14  4  3  
13  15  15  5  3  
13  15  15  5  3  
14  14  14  5  4  
14  14  14  5  4  
14  14  13  4  3  
14  14  13  4  3  
14  15  13  3  3  
14  15  13  3  3  
12  12  13  3  2  
12  12  13  3  2  
13  13  14  3  2  
13  13  14  3  2  
13  14  15  4  2  
13  14  15  4  2  
14  13  14  4  3  
14  13  14  4  3  
14  14  14  3  3  
14  14  14  3  3  
12  13  14  4  2  
12  13  14  4  2  
13  14  15  4  2  
13  14  15  4  2  
12  14  15  5  2  
12  14  15  5  2  
13  13  14  5  3  
13  13  14  5  3  
13  14  15  6  3  
13  14  15  6  3  
14  13  14  6  4  
14  13  14  6  4  
13  14  14  4  3  
13  14  14  4  3  
13  15  15  5  3  
13  15  15  5  3  
14  14  14  5  4  
14  14  14  5  4  
12  12  14  4  3  
12  12  14  4  3  
13  13  15  4  3  
13  13  15  4  3  
12  13  15  5  3  
12  13  15  5  3  
13  12  14  5  4  
13  12  14  5  4  
13  12  13  4  3  
13  12  13  4  3  
13  13  14  5  3  
13  13  14  5  3  
13  14  15  6  3  
13  14  15  6  3  
14  13  14  6  4  
14  13  14  6  4  
13  12  14  5  4  
13  12  14  5  4  
14  12  13  5  4  
14  12  13  5  4  
13  13  13  3  3  
13  13  13  3  3  
13  14  14  4  3  
13  14  14  4  3  
13  15  15  5  3  
13  15  15  5  3  
14  14  14  5  4  
14  14  14  5  4  
13  13  14  4  4  
13  13  14  4  4  
14  13  13  4  4  
14  13  13  4  4  
13  12  12  3  2  
13  12  12  3  2  
13  13  13  4  2  
13  13  13  4  2  
13  14  14  5  2  
13  14  14  5  2  
13  15  15  6  2  
13  15  15  6  2  
14  14  14  6  3  
14  14  14  6  3  
14  15  14  5  3  
14  15  14  5  3  
13  13  14  5  3  
13  13  14  5  3  
13  14  15  6  3  
13  14  15  6  3  
14  13  14  6  4  
14  13  14  6  4  
14  13  13  5  3  
14  13  13  5  3  
14  14  13  4  3  
14  14  13  4  3  
13  12  13  4  3  
13  12  13  4  3  
13  13  14  5  3  
13  13  14  5  3  
13  14  15  6  3  
13  14  15  6  3  
14  13  14  6  4  
14  13  14  6  4  
13  12  14  5  4  
13  12  14  5  4  
14  12  13  5  4  
14  12  13  5  4  
14  12  12  4  3  
14  12  12  4  3  
14  13  12  3  3  
14  13  12  3  3  
13  13  12  2  2  
13  13  12  2  2  
13  14  13  3  2  
13  14  13  3  2  
13  15  14  4  2  
13  15  14  4  2  
14  15  14  5  3  
14  15  14  5  3  
14  16  14  4  3  
14  16  14  4  3  
13  14  14  4  3  
13  14  14  4  3  
13  15  15  5  3  
13  15  15  5  3  
14  14  14  5  4  
14  14  14  5  4  
14  14  13  4  3  
14  14  13  4  3  
14  15  13  3  3  
14  15  13  3  3  
13  13  13  3  3  
13  13  13  3  3  
13  14  14  4  3  
13  14  14  4  3  
13  15  15  5  3  
13  15  15  5  3  
14  14  14  5  4  
14  14  14  5  4  
13  13  14  4  4  
13  13  14  4  4  
14  13  13  4  4  
14  13  13  4  4  
14  13  12  3  3  
14  13  12  3  3  
14  14  12  2  3  
14  14  12  2  3  
12  11  12  2  2  
12  11  12  2  2  
13  12  13  2  2  
13  12  13  2  2  
13  13  14  3  2  
13  13  14  3  2  
13  14  15  4  2  
13  14  15  4  2  
14  13  14  4  3  
14  13  14  4  3  
14  14  14  3  3  
14  14  14  3  3  
13  12  14  3  3  
13  12  14  3  3  
13  13  15  4  3  
13  13  15  4  3  
14  12  14  4  4  
14  12  14  4  4  
14  12  13  3  3  
14  12  13  3  3  
14  13  13  2  3  
14  13  13  2  3  
12  12  13  3  2  
12  12  13  3  2  
13  13  14  3  2  
13  13  14  3  2  
13  14  15  4  2  
13  14  15  4  2  
14  13  14  4  3  
14  13  14  4  3  
14  14  14  3  3  
14  14  14  3  3  
12  13  14  4  2  
12  13  14  4  2  
13  14  15  4  2  
13  14  15  4  2  
12  14  15  5  2  
12  14  15  5  2  
13  13  14  5  3  
13  13  14  5  3  
13  14  15  6  3  
13  14  15  6  3  
14  13  14  6  4  
14  13  14  6  4  
13  14  14  4  3  
13  14  14  4  3  
13  15  15  5  3  
13  15  15  5  3  
14  14  14  5  4  
14  14  14  5  4  
12  12  14  4  3  
12  12  14  4  3  
13  13  15  4  3  
13  13  15  4  3  
12  13  15  5  3  
12  13  15  5  3  
13  12  14  5  4  
13  12  14  5  4  
13  12  13  4  3  
13  12  13  4  3  
13  13  14  5  3  
13  13  14  5  3  
13  14  15  6  3  
13  14  15  6  3  
14  13  14  6  4  
14  13  14  6  4  
13  12  14  5  4  
13  12  14  5  4  
14  12  13  5  4  
14  12  13  5  4  
13  13  13  3  3  
13  13  13  3  3  
13  14  14  4  3  
13  14  14  4  3  
13  15  15  5  3  
13  15  15  5  3  
14  14  14  5  4  
14  14  14  5  4  
13  13  14  4  4  
13  13  14  4  4  
14  13  13  4  4  
14  13  13  4  4  
12  11  13  3  3  
12  11  13  3  3  
13  12  14  3  3  
13  12  14  3  3  
13  13  15  4  3  
13  13  15  4  3  
14  12  14  4  4  
14  12  14  4  4  
12  12  14  4  3  
12  12  14  4  3  
13  13  15  4  3  
13  13  15  4  3  
12  13  15  5  3  
12  13  15  5  3  
13  12  14  5  4  
13  12  14  5  4  
12  11  14  4  4  
12  11  14  4  4  
13  11  13  4  4  
13  11  13  4  4  
13  11  12  3  3  
13  11  12  3  3  
13  12  13  4  3  
13  12  13  4  3  
13  13  14  5  3  
13  13  14  5  3  
13  14  15  6  3  
13  14  15  6  3  
14  13  14  6  4  
14  13  14  6  4  
13  12  14  5  4  
13  12  14  5  4  
14  12  13  5  4  
14  12  13  5  4  
13  11  13  4  4  
13  11  13  4  4  
14  11  12  4  4  
14  11  12  4  4  
13  12  12  2  3  
13  12  12  2  3  
13  13  13  3  3  
13  13  13  3  3  
13  14  14  4  3  
13  14  14  4  3  
13  15  15  5  3  
13  15  15  5  3  
14  14  14  5  4  
14  14  14  5  4  
13  13  14  4  4  
13  13  14  4  4  
14  13  13  4  4  
14  13  13  4  4  
13  12  13  3  4  
13  12  13  3  4  
14  12  12  3  4  
14  12  12  3  4  
13  11  11  2  2  
13  11  11  2  2  
13  12  12  3  2  
13  12  12  3  2  
13  13  13  4  2  
13  13  13  4  2  
13  14  14  5  2  
13  14  14  5  2  
13  15  15  6  2  
13  15  15  6  2  
14  14  14  6  3  
14  14  14  6  3  
14  15  14  5  3  
14  15  14  5  3  
13  13  14  5  3  
13  13  14  5  3  
13  14  15  6  3  
13  14  15  6  3  
14  13  14  6  4  
14  13  14  6  4  
14  13  13  5  3  
14  13  13  5  3  
14  14  13  4  3  
14  14  13  4  3  
13  12  13  4  3  
13  12  13  4  3  
13  13  14  5  3  
13  13  14  5  3  
13  14  15  6  3  
13  14  15  6  3  
14  13  14  6  4  
14  13  14  6  4  
13  12  14  5  4  
13  12  14  5  4  
14  12  13  5  4  
14  12  13  5  4  
14  12  12  4  3  
14  12  12  4  3  
14  13  12  3  3  
14  13  12  3  3  
13  11  12  3  3  
13  11  12  3  3  
13  12  13  4  3  
13  12  13  4  3  
13  13  14  5  3  
13  13  14  5  3  
13  14  15  6  3  
13  14  15  6  3  
14  13  14  6  4  
14  13  14  6  4  
13  12  14  5  4  
13  12  14  5  4  
14  12  13  5  4  
14  12  13  5  4  
13  11  13  4  4  
13  11  13  4  4  
14  11  12  4  4  
14  11  12  4  4  
14  11  11  3  3  
14  11  11  3  3  
14  12  11  2  3  
14  12  11  2  3  
13  12  11  1  2  
13  12  11  1  2  
13  13  12  2  2  
13  13  12  2  2  
13  14  13  3  2  
13  14  13  3  2  
13  15  14  4  2  
13  15  14  4  2  
14  15  14  5  3  
14  15  14  5  3  
14  16  14  4  3  
14  16  14  4  3  
13  14  14  4  3  
13  14  14  4  3  
13  15  15  5  3  
13  15  15  5  3  
14  14  14  5  4  
14  14  14  5  4  
14  14  13  4  3  
14  14  13  4  3  
14  15  13  3  3  
14  15  13  3  3  
13  13  13  3  3  
13  13  13  3  3  
13  14  14  4  3  
13  14  14  4  3  
13  15  15  5  3  
13  15  15  5  3  
14  14  14  5  4  
14  14  14  5  4  
13  13  14  4  4  
13  13  14  4  4  
14  13  13  4  4  
14  13  13  4  4  
14  13  12  3  3  
14  13  12  3  3  
14  14  12  2  3  
14  14  12  2  3  
13  12  12  2  3  
13  12  12  2  3  
13  13  13  3  3  
13  13  13  3  3  
13  14  14  4  3  
13  14  14  4  3  
13  15  15  5  3  
13  15  15  5  3  
14  14  14  5  4  
14  14  14  5  4  
13  13  14  4  4  
13  13  14  4  4  
14  13  13  4  4  
14  13  13  4  4  
13  12  13  3  4  
13  12  13  3  4  
14  12  12  3  4  
14  12  12  3  4  
14  12  11  2  3  
14  12  11  2  3  
14  13  11  1  3  
14  13  11  1  3  
12  12  11  0  1  
12  12  11  0  1  
13  13  12  0  1  
13  13  12  0  1  
13  14  13  1  1  
13  14  13  1  1  
13  15  14  2  1  
13  15  14  2  1  
14  15  14  3  2  
14  15  14  3  2  
14  16  14  2  2  
14  16  14  2  2  
13  14  14  2  2  
13  14  14  2  2  
13  15  15  3  2  
13  15  15  3  2  
14  14  14  3  3  
14  14  14  3  3  
14  15  14  2  3  
14  15  14  2  3  
14  14  13  2  2  
14  14  13  2  2  
14  15  13  1  2  
14  15  13  1  2  
13  13  13  1  2  
13  13  13  1  2  
13  14  14  2  2  
13  14  14  2  2  
13  15  15  3  2  
13  15  15  3  2  
14  14  14  3  3  
14  14  14  3  3  
14  15  14  2  3  
14  15  14  2  3  
13  13  14  2  3  
13  13  14  2  3  
13  14  15  3  3  
13  14  15  3  3  
14  13  14  3  4  
14  13  14  3  4  
14  13  13  2  3  
14  13  13  2  3  
14  14  13  1  3  
14  14  13  1  3  
14  13  12  1  2  
14  13  12  1  2  
14  14  12  0  2  
14  14  12  0  2  
12  13  12  1  1  
12  13  12  1  1  
13  14  13  1  1  
13  14  13  1  1  
13  15  14  2  1  
13  15  14  2  1  
14  15  14  3  2  
14  15  14  3  2  
14  16  14  2  2  
14  16  14  2  2  
13  14  14  2  2  
13  14  14  2  2  
13  15  15  3  2  
13  15  15  3  2  
14  14  14  3  3  
14  14  14  3  3  
14  15  14  2  3  
14  15  14  2  3  
14  14  13  2  2  
14  14  13  2  2  
14  15  13  1  2  
14  15  13  1  2  
12  14  13  2  1  
12  14  13  2  1  
13  15  14  2  1  
13  15  14  2  1  
14  15  14  3  2  
14  15  14  3  2  
14  16  14  2  2  
14  16  14  2  2  
12  15  14  3  1  
12  15  14  3  1  
13  16  15  3  1  
13  16  15  3  1  
13  15  14  4  2  
13  15  14  4  2  
14  15  14  5  3  
14  15  14  5  3  
14  16  14  4  3  
14  16  14  4  3  
13  16  14  3  2  
13  16  14  3  2  
12  14  14  3  2  
12  14  14  3  2  
13  15  15  3  2  
13  15  15  3  2  
12  15  15  4  2  
12  15  15  4  2  
13  14  14  4  3  
13  14  14  4  3  
13  15  15  5  3  
13  15  15  5  3  
14  14  14  5  4  
14  14  14  5  4  
13  15  14  3  3  
13  15  14  3  3  
14  15  14  4  4  
14  15  14  4  4  
13  14  13  3  2  
13  14  13  3  2  
13  15  14  4  2  
13  15  14  4  2  
14  15  14  5  3  
14  15  14  5  3  
14  16  14  4  3  
14  16  14  4  3  
13  14  14  4  3  
13  14  14  4  3  
13  15  15  5  3  
13  15  15  5  3  
14  14  14  5  4  
14  14  14  5  4  
14  14  13  4  3  
14  14  13  4  3  
14  15  13  3  3  
14  15  13  3  3  
13  15  13  2  2  
13  15  13  2  2  
13  15  14  3  3  
13  15  14  3  3  
14  15  14  4  4  
14  15  14  4  4  
14  15  13  3  3  
14  15  13  3  3  
14  16  13  2  3  
14  16  13  2  3  
12  13  13  2  2  
12  13  13  2  2  
13  14  14  2  2  
13  14  14  2  2  
13  15  15  3  2  
13  15  15  3  2  
14  14  14  3  3  
14  14  14  3  3  
14  15  14  2  3  
14  15  14  2  3  
12  14  14  3  2  
12  14  14  3  2  
13  15  15  3  2  
13  15  15  3  2  
12  15  15  4  2  
12  15  15  4  2  
13  14  14  4  3  
13  14  14  4  3  
13  15  15  5  3  
13  15  15  5  3  
14  14  14  5  4  
14  14  14  5  4  
13  15  14  3  3  
13  15  14  3  3  
14  15  14  4  4  
14  15  14  4  4  
12  13  14  3  3  
12  13  14  3  3  
13  14  15  3  3  
13  14  15  3  3  
12  14  15  4  3  
12  14  15  4  3  
13  13  14  4  4  
13  13  14  4  4  
13  13  13  3  3  
13  13  13  3  3  
13  14  14  4  3  
13  14  14  4  3  
13  15  15  5  3  
13  15  15  5  3  
14  14  14  5  4  
14  14  14  5  4  
13  13  14  4  4  
13  13  14  4  4  
14  13  13  4  4  
14  13  13  4  4  
13  14  13  2  3  
13  14  13  2  3  
13  15  14  3  3  
13  15  14  3  3  
14  15  14  4  4  
14  15  14  4  4  
13  14  14  3  4  
13  14  14  3  4  
14  14  13  3  4  
14  14  13  3  4  
13  13  12  2  2  
13  13  12  2  2  
13  14  13  3  2  
13  14  13  3  2  
13  15  14  4  2  
13  15  14  4  2  
14  15  14  5  3  
14  15  14  5  3  
14  16  14  4  3  
14  16  14  4  3  
13  14  14  4  3  
13  14  14  4  3  
13  15  15  5  3  
13  15  15  5  3  
14  14  14  5  4  
14  14  14  5  4  
14  14  13  4  3  
14  14  13  4  3  
14  15  13  3  3  
14  15  13  3  3  
13  13  13  3  3  
13  13  13  3  3  
13  14  14  4  3  
13  14  14  4  3  
13  15  15  5  3  
13  15  15  5  3  
14  14  14  5  4  
14  14  14  5  4  
13  13  14  4  4  
13  13  14  4  4  
14  13  13  4  4  
14  13  13  4  4  
14  13  12  3  3  
14  13  12  3  3  
14  14  12  2  3  
14  14  12  2  3  
13  14  12  1  2  
13  14  12  1  2  
13  15  13  2  2  
13  15  13  2  2  
13  15  14  3  3  
13  15  14  3  3  
14  15  14  4  4  
14  15  14  4  4  
14  15  13  3  3  
14  15  13  3  3  
14  16  13  2  3  
14  16  13  2  3  
13  14  13  2  3  
13  14  13  2  3  
13  15  14  3  3  
13  15  14  3  3  
14  15  14  4  4  
14  15  14  4  4  
13  14  14  3  4  
13  14  14  3  4  
14  14  13  3  4  
14  14  13  3  4  
14  14  12  2  3  
14  14  12  2  3  
14  15  12  1  3  
14  15  12  1  3  
12  12  12  1  2  
12  12  12  1  2  
13  13  13  1  2  
13  13  13  1  2  
13  14  14  2  2  
13  14  14  2  2  
13  15  15  3  2  
13  15  15  3  2  
14  14  14  3  3  
14  14  14  3  3  
14  15  14  2  3  
14  15  14  2  3  
13  13  14  2  3  
13  13  14  2  3  
13  14  15  3  3  
13  14  15  3  3  
14  13  14  3  4  
14  13  14  3  4  
14  13  13  2  3  
14  13  13  2  3  
14  14  13  1  3  
14  14  13  1  3  
12  13  13  2  2  
12  13  13  2  2  
13  14  14  2  2  
13  14  14  2  2  
13  15  15  3  2  
13  15  15  3  2  
14  14  14  3  3  
14  14  14  3  3  
14  15  14  2  3  
14  15  14  2  3  
12  14  14  3  2  
12  14  14  3  2  
13  15  15  3  2  
13  15  15  3  2  
12  15  15  4  2  
12  15  15  4  2  
13  14  14  4  3  
13  14  14  4  3  
13  15  15  5  3  
13  15  15  5  3  
14  14  14  5  4  
14  14  14  5  4  
13  15  14  3  3  
13  15  14  3  3  
14  15  14  4  4  
14  15  14  4  4  
12  13  14  3  3  
12  13  14  3  3  
13  14  15  3  3  
13  14  15  3  3  
12  14  15  4  3  
12  14  15  4  3  
13  13  14  4  4  
13  13  14  4  4  
13  13  13  3  3  
13  13  13  3  3  
13  14  14  4  3  
13  14  14  4  3  
13  15  15  5  3  
13  15  15  5  3  
14  14  14  5  4  
14  14  14  5  4  
13  13  14  4  4  
13  13  14  4  4  
14  13  13  4  4  
14  13  13  4  4  
13  14  13  2  3  
13  14  13  2  3  
13  15  14  3  3  
13  15  14  3  3  
14  15  14  4  4  
14  15  14  4  4  
13  14  14  3  4  
13  14  14  3  4  
14  14  13  3  4  
14  14  13  3  4  
12  12  13  2  3  
12  12  13  2  3  
13  13  14  2  3  
13  13  14  2  3  
13  14  15  3  3  
13  14  15  3  3  
14  13  14  3  4  
14  13  14  3  4  
12  13  14  3  3  
12  13  14  3  3  
13  14  15  3  3  
13  14  15  3  3  
12  14  15  4  3  
12  14  15  4  3  
13  13  14  4  4  
13  13  14  4  4  
12  12  14  3  4  
12  12  14  3  4  
13  12  13  3  4  
13  12  13  3  4  
13  12  12  2  3  
13  12  12  2  3  
13  13  13  3  3  
13  13  13  3  3  
13  14  14  4  3  
13  14  14  4  3  
13  15  15  5  3  
13  15  15  5  3  
14  14  14  5  4  
14  14  14  5  4  
13  13  14  4  4  
13  13  14  4  4  
14  13  13  4  4  
14  13  13  4  4  
13  12  13  3  4  
13  12  13  3  4  
14  12  12  3  4  
14  12  12  3  4  
13  13  12  1  3  
13  13  12  1  3  
13  14  13  2  3  
13  14  13  2  3  
13  15  14  3  3  
13  15  14  3  3  
14  15  14  4  4  
14  15  14  4  4  
13  14  14  3  4  
13  14  14  3  4  
14  14  13  3  4  
14  14  13  3  4  
13  13  13  2  4  
13  13  13  2  4  
14  13  12  2  4  
14  13  12  2  4  
13  12  11  1  2  
13  12  11  1  2  
13  13  12  2  2  
13  13  12  2  2  
13  14  13  3  2  
13  14  13  3  2  
13  15  14  4  2  
13  15  14  4  2  
14  15  14  5  3  
14  15  14  5  3  
14  16  14  4  3  
14  16  14  4  3  
13  14  14  4  3  
13  14  14  4  3  
13  15  15  5  3  
13  15  15  5  3  
14  14  14  5  4  
14  14  14  5  4  
14  14  13  4  3  
14  14  13  4  3  
14  15  13  3  3  
14  15  13  3  3  
13  13  13  3  3  
13  13  13  3  3  
13  14  14  4  3  
13  14  14  4  3  
13  15  15  5  3  
13  15  15  5  3  
14  14  14  5  4  
14  14  14  5  4  
13  13  14  4  4  
13  13  14  4  4  
14  13  13  4  4  
14  13  13  4  4  
14  13  12  3  3  
14  13  12  3  3  
14  14  12  2  3  
14  14  12  2  3  
13  12  12  2  3  
13  12  12  2  3  
13  13  13  3  3  
13  13  13  3  3  
13  14  14  4  3  
13  14  14  4  3  
13  15  15  5  3  
13  15  15  5  3  
14  14  14  5  4  
14  14  14  5  4  
13  13  14  4  4  
13  13  14  4  4  
14  13  13  4  4  
14  13  13  4  4  
13  12  13  3  4  
13  12  13  3  4  
14  12  12  3  4  
14  12  12  3  4  
14  12  11  2  3  
14  12  11  2  3  
14  13  11  1  3  
14  13  11  1  3  
13  13  11  0  2  
13  13  11  0  2  
13  14  12  1  2  
13  14  12  1  2  
13  15  13  2  2  
13  15  13  2  2  
13  15  14  3  3  
13  15  14  3  3  
14  15  14  4  4  
14  15  14  4  4  
14  15  13  3  3  
14  15  13  3  3  
14  16  13  2  3  
14  16  13  2  3  
13  14  13  2  3  
13  14  13  2  3  
13  15  14  3  3  
13  15  14  3  3  
14  15  14  4  4  
14  15  14  4  4  
13  14  14  3  4  
13  14  14  3  4  
14  14  13  3  4  
14  14  13  3  4  
14  14  12  2  3  
14  14  12  2  3  
14  15  12  1  3  
14  15  12  1  3  
13  13  12  1  3  
13  13  12  1  3  
13  14  13  2  3  
13  14  13  2  3  
13  15  14  3  3  
13  15  14  3  3  
14  15  14  4  4  
14  15  14  4  4  
13  14  14  3  4  
13  14  14  3  4  
14  14  13  3  4  
14  14  13  3  4  
13  13  13  2  4  
13  13  13  2  4  
14  13  12  2  4  
14  13  12  2  4  
14  13  11  1  3  
14  13  11  1  3  
14  14  11  0  3  
14  14  11  0  3  
10  11  11  1  0  
10  11  11  1  0  
11  12  12  1  0  
11  12  12  1  0  
12  13  13  1  0  
12  13  13  1  0  
13  14  14  1  0  
13  14  14  1  0  
13  15  15  2  0  
13  15  15  2  0  
14  14  14  2  1  
14  14  14  2  1  
14  15  14  1  1  
14  15  14  1  1  
12  14  14  2  0  
12  14  14  2  0  
13  15  15  2  0  
13  15  15  2  0  
12  15  15  3  0  
12  15  15  3  0  
13  14  14  3  1  
13  14  14  3  1  
13  15  15  4  1  
13  15  15  4  1  
14  14  14  4  2  
14  14  14  4  2  
14  15  14  3  2  
14  15  14  3  2  
13  15  14  2  1  
13  15  14  2  1  
14  15  14  3  2  
14  15  14  3  2  
14  16  14  2  2  
14  16  14  2  2  
12  13  14  2  1  
12  13  14  2  1  
13  14  15  2  1  
13  14  15  2  1  
12  14  15  3  1  
12  14  15  3  1  
13  13  14  3  2  
13  13  14  3  2  
13  14  15  4  2  
13  14  15  4  2  
14  13  14  4  3  
14  13  14  4  3  
14  14  14  3  3  
14  14  14  3  3  
13  14  14  2  2  
13  14  14  2  2  
13  15  15  3  2  
13  15  15  3  2  
14  14  14  3  3  
14  14  14  3  3  
14  15  14  2  3  
14  15  14  2  3  
13  13  13  2  1  
13  13  13  2  1  
13  14  14  3  1  
13  14  14  3  1  
13  15  15  4  1  
13  15  15  4  1  
14  14  14  4  2  
14  14  14  4  2  
14  15  14  3  2  
14  15  14  3  2  
13  13  14  3  2  
13  13  14  3  2  
13  14  15  4  2  
13  14  15  4  2  
14  13  14  4  3  
14  13  14  4  3  
14  14  14  3  3  
14  14  14  3  3  
14  13  13  3  2  
14  13  13  3  2  
14  14  13  2  2  
14  14  13  2  2  
13  14  13  1  1  
13  14  13  1  1  
13  15  14  2  1  
13  15  14  2  1  
14  15  14  3  2  
14  15  14  3  2  
14  16  14  2  2  
14  16  14  2  2  
13  14  14  2  2  
13  14  14  2  2  
13  15  15  3  2  
13  15  15  3  2  
14  14  14  3  3  
14  14  14  3  3  
14  15  14  2  3  
14  15  14  2  3  
14  14  13  2  2  
14  14  13  2  2  
14  15  13  1  2  
14  15  13  1  2  
11  13  13  2  0  
11  13  13  2  0  
12  14  14  2  0  
12  14  14  2  0  
13  15  15  2  0  
13  15  15  2  0  
12  15  15  3  0  
12  15  15  3  0  
13  14  14  3  1  
13  14  14  3  1  
13  15  15  4  1  
13  15  15  4  1  
14  14  14  4  2  
14  14  14  4  2  
14  15  14  3  2  
14  15  14  3  2  
13  15  14  2  1  
13  15  14  2  1  
14  15  14  3  2  
14  15  14  3  2  
14  16  14  2  2  
14  16  14  2  2  
11  14  14  3  0  
11  14  14  3  0  
12  15  15  3  0  
12  15  15  3  0  
11  15  15  4  0  
11  15  15  4  0  
12  14  14  4  1  
12  14  14  4  1  
13  15  15  4  1  
13  15  15  4  1  
12  15  15  5  1  
12  15  15  5  1  
13  14  14  5  2  
13  14  14  5  2  
13  15  15  6  2  
13  15  15  6  2  
14  14  14  6  3  
14  14  14  6  3  
14  15  14  5  3  
14  15  14  5  3  
13  15  14  4  2  
13  15  14  4  2  
14  15  14  5  3  
14  15  14  5  3  
14  16  14  4  3  
14  16  14  4  3  
12  15  14  3  1  
12  15  14  3  1  
13  16  15  3  1  
13  16  15  3  1  
13  15  14  4  2  
13  15  14  4  2  
14  15  14  5  3  
14  15  14  5  3  
14  16  14  4  3  
14  16  14  4  3  
13  16  14  3  2  
13  16  14  3  2  
11  13  14  3  1  
11  13  14  3  1  
12  14  15  3  1  
12  14  15  3  1  
11  14  15  4  1  
11  14  15  4  1  
12  13  14  4  2  
12  13  14  4  2  
13  14  15  4  2  
13  14  15  4  2  
12  14  15  5  2  
12  14  15  5  2  
13  13  14  5  3  
13  13  14  5  3  
13  14  15  6  3  
13  14  15  6  3  
14  13  14  6  4  
14  13  14  6  4  
13  14  14  4  3  
13  14  14  4  3  
13  15  15  5  3  
13  15  15  5  3  
14  14  14  5  4  
14  14  14  5  4  
12  14  14  3  2  
12  14  14  3  2  
13  15  15  3  2  
13  15  15  3  2  
12  15  15  4  2  
12  15  15  4  2  
13  14  14  4  3  
13  14  14  4  3  
13  15  15  5  3  
13  15  15  5  3  
14  14  14  5  4  
14  14  14  5  4  
13  15  14  3  3  
13  15  14  3  3  
14  15  14  4  4  
14  15  14  4  4  
12  13  13  3  1  
12  13  13  3  1  
13  14  14  3  1  
13  14  14  3  1  
13  15  15  4  1  
13  15  15  4  1  
14  14  14  4  2  
14  14  14  4  2  
14  15  14  3  2  
14  15  14  3  2  
12  14  14  4  1  
12  14  14  4  1  
13  15  15  4  1  
13  15  15  4  1  
12  15  15  5  1  
12  15  15  5  1  
13  14  14  5  2  
13  14  14  5  2  
13  15  15  6  2  
13  15  15  6  2  
14  14  14  6  3  
14  14  14  6  3  
14  15  14  5  3  
14  15  14  5  3  
13  15  14  4  2  
13  15  14  4  2  
14  15  14  5  3  
14  15  14  5  3  
14  16  14  4  3  
14  16  14  4  3  
12  13  14  4  2  
12  13  14  4  2  
13  14  15  4  2  
13  14  15  4  2  
12  14  15  5  2  
12  14  15  5  2  
13  13  14  5  3  
13  13  14  5  3  
13  14  15  6  3  
13  14  15  6  3  
14  13  14  6  4  
14  13  14  6  4  
13  14  14  4  3  
13  14  14  4  3  
13  15  15  5  3  
13  15  15  5  3  
14  14  14  5  4  
14  14  14  5  4  
13  13  13  4  2  
13  13  13  4  2  
13  14  14  5  2  
13  14  14  5  2  
13  15  15  6  2  
13  15  15  6  2  
14  14  14  6  3  
14  14  14  6  3  
14  15  14  5  3  
14  15  14  5  3  
13  13  14  5  3  
13  13  14  5  3  
13  14  15  6  3  
13  14  15  6  3  
14  13  14  6  4  
14  13  14  6  4  
14  13  13  5  3  
14  13  13  5  3  
14  14  13  4  3  
14  14  13  4  3  
13  14  13  3  2  
13  14  13  3  2  
13  15  14  4  2  
13  15  14  4  2  
14  15  14  5  3  
14  15  14  5  3  
14  16  14  4  3  
14  16  14  4  3  
13  14  14  4  3  
13  14  14  4  3  
13  15  15  5  3  
13  15  15  5  3  
14  14  14  5  4  
14  14  14  5  4  
14  14  13  4  3  
14  14  13  4  3  
14  15  13  3  3  
14  15  13  3  3  
12  14  13  2  1  
12  14  13  2  1  
13  15  14  2  1  
13  15  14  2  1  
14  15  14  3  2  
14  15  14  3  2  
14  16  14  2  2  
14  16  14  2  2  
12  15  14  3  1  
12  15  14  3  1  
13  16  15  3  1  
13  16  15  3  1  
13  15  14  4  2  
13  15  14  4  2  
14  15  14  5  3  
14  15  14  5  3  
14  16  14  4  3  
14  16  14  4  3  
13  16  14  3  2  
13  16  14  3  2  
12  14  14  3  2  
12  14  14  3  2  
13  15  15  3  2  
13  15  15  3  2  
12  15  15  4  2  
12  15  15  4  2  
13  14  14  4  3  
13  14  14  4  3  
13  15  15  5  3  
13  15  15  5  3  
14  14  14  5  4  
14  14  14  5  4  
13  15  14  3  3  
13  15  14  3  3  
14  15  14  4  4  
14  15  14  4  4  
13  14  13  3  2  
13  14  13  3  2  
13  15  14  4  2  
13  15  14  4  2  
14  15  14  5  3  
14  15  14  5  3  
14  16  14  4  3  
14  16  14  4  3  
13  14  14  4  3  
13  14  14  4  3  
13  15  15  5  3  
13  15  15  5  3  
14  14  14  5  4  
14  14  14  5  4  
14  14  13  4  3  
14  14  13  4  3  
14  15  13  3  3  
14  15  13  3  3  
13  15  13  2  2  
13  15  13  2  2  
13  15  14  3  3  
13  15  14  3  3  
14  15  14  4  4  
14  15  14  4  4  
14  15  13  3  3  
14  15  13  3  3  
14  16  13  2  3  
14  16  13  2  3  
11  12  13  2  1  
11  12  13  2  1  
12  13  14  2  1  
12  13  14  2  1  
13  14  15  2  1  
13  14  15  2  1  
12  14  15  3  1  
12  14  15  3  1  
13  13  14  3  2  
13  13  14  3  2  
13  14  15  4  2  
13  14  15  4  2  
14  13  14  4  3  
14  13  14  4  3  
14  14  14  3  3  
14  14  14  3  3  
13  14  14  2  2  
13  14  14  2  2  
13  15  15  3  2  
13  15  15  3  2  
14  14  14  3  3  
14  14  14  3  3  
14  15  14  2  3  
14  15  14  2  3  
11  13  14  3  1  
11  13  14  3  1  
12  14  15  3  1  
12  14  15  3  1  
11  14  15  4  1  
11  14  15  4  1  
12  13  14  4  2  
12  13  14  4  2  
13  14  15  4  2  
13  14  15  4  2  
12  14  15  5  2  
12  14  15  5  2  
13  13  14  5  3  
13  13  14  5  3  
13  14  15  6  3  
13  14  15  6  3  
14  13  14  6  4  
14  13  14  6  4  
13  14  14  4  3  
13  14  14  4  3  
13  15  15  5  3  
13  15  15  5  3  
14  14  14  5  4  
14  14  14  5  4  
12  14  14  3  2  
12  14  14  3  2  
13  15  15  3  2  
13  15  15  3  2  
12  15  15  4  2  
12  15  15  4  2  
13  14  14  4  3  
13  14  14  4  3  
13  15  15  5  3  
13  15  15  5  3  
14  14  14  5  4  
14  14  14  5  4  
13  15  14  3  3  
13  15  14  3  3  
14  15  14  4  4  
14  15  14  4  4  
11  12  14  3  2  
11  12  14  3  2  
12  13  15  3  2  
12  13  15  3  2  
11  13  15  4  2  
11  13  15  4  2  
12  12  14  4  3  
12  12  14  4  3  
13  13  15  4  3  
13  13  15  4  3  
12  13  15  5  3  
12  13  15  5  3  
13  12  14  5  4  
13  12  14  5  4  
12  13  14  3  3  
12  13  14  3  3  
13  14  15  3  3  
13  14  15  3  3  
12  14  15  4  3  
12  14  15  4  3  
13  13  14  4  4  
13  13  14  4  4  
12  12  13  3  2  
12  12  13  3  2  
13  13  14  3  2  
13  13  14  3  2  
13  14  15  4  2  
13  14  15  4  2  
14  13  14  4  3  
14  13  14  4  3  
14  14  14  3  3  
14  14  14  3  3  
12  13  14  4  2  
12  13  14  4  2  
13  14  15  4  2  
13  14  15  4  2  
12  14  15  5  2  
12  14  15  5  2  
13  13  14  5  3  
13  13  14  5  3  
13  14  15  6  3  
13  14  15  6  3  
14  13  14  6  4  
14  13  14  6  4  
13  14  14  4  3  
13  14  14  4  3  
13  15  15  5  3  
13  15  15  5  3  
14  14  14  5  4  
14  14  14  5  4  
12  12  14  4  3  
12  12  14  4  3  
13  13  15  4  3  
13  13  15  4  3  
12  13  15  5  3  
12  13  15  5  3  
13  12  14  5  4  
13  12  14  5  4  
13  12  13  4  3  
13  12  13  4  3  
13  13  14  5  3  
13  13  14  5  3  
13  14  15  6  3  
13  14  15  6  3  
14  13  14  6  4  
14  13  14  6  4  
13  12  14  5  4  
13  12  14  5  4  
14  12  13  5  4  
14  12  13  5  4  
13  13  13  3  3  
13  13  13  3  3  
13  14  14  4  3  
13  14  14  4  3  
13  15  15  5  3  
13  15  15  5  3  
14  14  14  5  4  
14  14  14  5  4  
13  13  14  4  4  
13  13  14  4  4  
14  13  13  4  4  
14  13  13  4  4  
12  13  13  2  2  
12  13  13  2  2  
13  14  14  2  2  
13  14  14  2  2  
13  15  15  3  2  
13  15  15  3  2  
14  14  14  3  3  
14  14  14  3  3  
14  15  14  2  3  
14  15  14  2  3  
12  14  14  3  2  
12  14  14  3  2  
13  15  15  3  2  
13  15  15  3  2  
12  15  15  4  2  
12  15  15  4  2  
13  14  14  4  3  
13  14  14  4  3  
13  15  15  5  3  
13  15  15  5  3  
14  14  14  5  4  
14  14  14  5  4  
13  15  14  3  3  
13  15  14  3  3  
14  15  14  4  4  
14  15  14  4  4  
12  13  14  3  3  
12  13  14  3  3  
13  14  15  3  3  
13  14  15  3  3  
12  14  15  4  3  
12  14  15  4  3  
13  13  14  4  4  
13  13  14  4  4  
13  13  13  3  3  
13  13  13  3  3  
13  14  14  4  3  
13  14  14  4  3  
13  15  15  5  3  
13  15  15  5  3  
14  14  14  5  4  
14  14  14  5  4  
13  13  14  4  4  
13  13  14  4  4  
14  13  13  4  4  
14  13  13  4  4  
13  14  13  2  3  
13  14  13  2  3  
13  15  14  3  3  
13  15  14  3  3  
14  15  14  4  4  
14  15  14  4  4  
13  14  14  3  4  
13  14  14  3  4  
14  14  13  3  4  
14  14  13  3  4  
12  12  12  2  1  
12  12  12  2  1  
13  13  13  2  1  
13  13  13  2  1  
13  14  14  3  1  
13  14  14  3  1  
13  15  15  4  1  
13  15  15  4  1  
14  14  14  4  2  
14  14  14  4  2  
14  15  14  3  2  
14  15  14  3  2  
13  13  14  3  2  
13  13  14  3  2  
13  14  15  4  2  
13  14  15  4  2  
14  13  14  4  3  
14  13  14  4  3  
14  14  14  3  3  
14  14  14  3  3  
14  13  13  3  2  
14  13  13  3  2  
14  14  13  2  2  
14  14  13  2  2  
12  13  13  3  1  
12  13  13  3  1  
13  14  14  3  1  
13  14  14  3  1  
13  15  15  4  1  
13  15  15  4  1  
14  14  14  4  2  
14  14  14  4  2  
14  15  14  3  2  
14  15  14  3  2  
12  14  14  4  1  
12  14  14  4  1  
13  15  15  4  1  
13  15  15  4  1  
12  15  15  5  1  
12  15  15  5  1  
13  14  14  5  2  
13  14  14  5  2  
13  15  15  6  2  
13  15  15  6  2  
14  14  14  6  3  
14  14  14  6  3  
14  15  14  5  3  
14  15  14  5  3  
13  15  14  4  2  
13  15  14  4  2  
14  15  14  5  3  
14  15  14  5  3  
14  16  14  4  3  
14  16  14  4  3  
12  13  14  4  2  
12  13  14  4  2  
13  14  15  4  2  
13  14  15  4  2  
12  14  15  5  2  
12  14  15  5  2  
13  13  14  5  3  
13  13  14  5  3  
13  14  15  6  3  
13  14  15  6  3  
14  13  14  6  4  
14  13  14  6  4  
13  14  14  4  3  
13  14  14  4  3  
13  15  15  5  3  
13  15  15  5  3  
14  14  14  5  4  
14  14  14  5  4  
13  13  13  4  2  
13  13  13  4  2  
13  14  14  5  2  
13  14  14  5  2  
13  15  15  6  2  
13  15  15  6  2  
14  14  14  6  3  
14  14  14  6  3  
14  15  14  5  3  
14  15  14  5  3  
13  13  14  5  3  
13  13  14  5  3  
13  14  15  6  3  
13  14  15  6  3  
14  13  14  6  4  
14  13  14  6  4  
14  13  13  5  3  
14  13  13  5  3  
14  14  13  4  3  
14  14  13  4  3  
13  14  13  3  2  
13  14  13  3  2  
13  15  14  4  2  
13  15  14  4  2  
14  15  14  5  3  
14  15  14  5  3  
14  16  14  4  3  
14  16  14  4  3  
13  14  14  4  3  
13  14  14  4  3  
13  15  15  5  3  
13  15  15  5  3  
14  14  14  5  4  
14  14  14  5  4  
14  14  13  4  3  
14  14  13  4  3  
14  15  13  3  3  
14  15  13  3  3  
12  12  13  3  2  
12  12  13  3  2  
13  13  14  3  2  
13  13  14  3  2  
13  14  15  4  2  
13  14  15  4  2  
14  13  14  4  3  
14  13  14  4  3  
14  14  14  3  3  
14  14  14  3  3  
12  13  14  4  2  
12  13  14  4  2  
13  14  15  4  2  
13  14  15  4  2  
12  14  15  5  2  
12  14  15  5  2  
13  13  14  5  3  
13  13  14  5  3  
13  14  15  6  3  
13  14  15  6  3  
14  13  14  6  4  
14  13  14  6  4  
13  14  14  4  3  
13  14  14  4  3  
13  15  15  5  3  
13  15  15  5  3  
14  14  14  5  4  
14  14  14  5  4  
12  12  14  4  3  
12  12  14  4  3  
13  13  15  4  3  
13  13  15  4  3  
12  13  15  5  3  
12  13  15  5  3  
13  12  14  5  4  
13  12  14  5  4  
13  12  13  4  3  
13  12  13  4  3  
13  13  14  5  3  
13  13  14  5  3  
13  14  15  6  3  
13  14  15  6  3  
14  13  14  6  4  
14  13  14  6  4  
13  12  14  5  4  
13  12  14  5  4  
14  12  13  5  4  
14  12  13  5  4  
13  13  13  3  3  
13  13  13  3  3  
13  14  14  4  3  
13  14  14  4  3  
13  15  15  5  3  
13  15  15  5  3  
14  14  14  5  4  
14  14  14  5  4  
13  13  14  4  4  
13  13  14  4  4  
14  13  13  4  4  
14  13  13  4  4  
13  12  12  3  2  
13  12  12  3  2  
13  13  13  4  2  
13  13  13  4  2  
13  14  14  5  2  
13  14  14  5  2  
13  15  15  6  2  
13  15  15  6  2  
14  14  14  6  3  
14  14  14  6  3  
14  15  14  5  3  
14  15  14  5  3  
13  13  14  5  3  
13  13  14  5  3  
13  14  15  6  3  
13  14  15  6  3  
14  13  14  6  4  
14  13  14  6  4  
14  13  13  5  3  
14  13  13  5  3  
14  14  13  4  3  
14  14  13  4  3  
13  12  13  4  3  
13  12  13  4  3  
13  13  14  5  3  
13  13  14  5  3  
13  14  15  6  3  
13  14  15  6  3  
14  13  14  6  4  
14  13  14  6  4  
13  12  14  5  4  
13  12  14  5  4  
14  12  13  5  4  
14  12  13  5  4  
14  12  12  4  3  
14  12  12  4  3  
14  13  12  3  3  
14  13  12  3  3  
13  13  12  2  2  
13  13  12  2  2  
13  14  13  3  2  
13  14  13  3  2  
13  15  14  4  2  
13  15  14  4  2  
14  15  14  5  3  
14  15  14  5  3  
14  16  14  4  3  
14  16  14  4  3  
13  14  14  4  3  
13  14  14  4  3  
13  15  15  5  3  
13  15  15  5  3  
14  14  14  5  4  
14  14  14  5  4  
14  14  13  4  3  
14  14  13  4  3  
14  15  13  3  3  
14  15  13  3  3  
13  13  13  3  3  
13  13  13  3  3  
13  14  14  4  3  
13  14  14  4  3  
13  15  15  5  3  
13  15  15  5  3  
14  14  14  5  4  
14  14  14  5  4  
13  13  14  4  4  
13  13  14  4  4  
14  13  13  4  4  
14  13  13  4  4  
14  13  12  3  3  
14  13  12  3  3  
14  14  12  2  3  
14  14  12  2  3  
12  13  12  1  1  
12  13  12  1  1  
13  14  13  1  1  
13  14  13  1  1  
13  15  14  2  1  
13  15  14  2  1  
14  15  14  3  2  
14  15  14  3  2  
14  16  14  2  2  
14  16  14  2  2  
13  14  14  2  2  
13  14  14  2  2  
13  15  15  3  2  
13  15  15  3  2  
14  14  14  3  3  
14  14  14  3  3  
14  15  14  2  3  
14  15  14  2  3  
14  14  13  2  2  
14  14  13  2  2  
14  15  13  1  2  
14  15  13  1  2  
12  14  13  2  1  
12  14  13  2  1  
13  15  14  2  1  
13  15  14  2  1  
14  15  14  3  2  
14  15  14  3  2  
14  16  14  2  2  
14  16  14  2  2  
12  15  14  3  1  
12  15  14  3  1  
13  16  15  3  1  
13  16  15  3  1  
13  15  14  4  2  
13  15  14  4  2  
14  15  14  5  3  
14  15  14  5  3  
14  16  14  4  3  
14  16  14  4  3  
13  16  14  3  2  
13  16  14  3  2  
12  14  14  3  2  
12  14  14  3  2  
13  15  15  3  2  
13  15  15  3  2  
12  15  15  4  2  
12  15  15  4  2  
13  14  14  4  3  
13  14  14  4  3  
13  15  15  5  3  
13  15  15  5  3  
14  14  14  5  4  
14  14  14  5  4  
13  15  14  3  3  
13  15  14  3  3  
14  15  14  4  4  
14  15  14  4  4  
13  14  13  3  2  
13  14  13  3  2  
13  15  14  4  2  
13  15  14  4  2  
14  15  14  5  3  
14  15  14  5  3  
14  16  14  4  3  
14  16  14  4  3  
13  14  14  4  3  
13  14  14  4  3  
13  15  15  5  3  
13  15  15  5  3  
14  14  14  5  4  
14  14  14  5  4  
14  14  13  4  3  
14  14  13  4  3  
14  15  13  3  3  
14  15  13  3  3  
13  15  13  2  2  
13  15  13  2  2  
13  15  14  3  3  
13  15  14  3  3  
14  15  14  4  4  
14  15  14  4  4  
14  15  13  3  3  
14  15  13  3  3  
14  16  13  2  3  
14  16  13  2  3  
12  13  13  2  2  
12  13  13  2  2  
13  14  14  2  2  
13  14  14  2  2  
13  15  15  3  2  
13  15  15  3  2  
14  14  14  3  3  
14  14  14  3  3  
14  15  14  2  3  
14  15  14  2  3  
12  14  14  3  2  
12  14  14  3  2  
13  15  15  3  2  
13  15  15  3  2  
12  15  15  4  2  
12  15  15  4  2  
13  14  14  4  3  
13  14  14  4  3  
13  15  15  5  3  
13  15  15  5  3  
14  14  14  5  4  
14  14  14  5  4  
13  15  14  3  3  
13  15  14  3  3  
14  15  14  4  4  
14  15  14  4  4  
12  13  14  3  3  
12  13  14  3  3  
13  14  15  3  3  
13  14  15  3  3  
12  14  15  4  3  
12  14  15  4  3  
13  13  14  4  4  
13  13  14  4  4  
13  13  13  3  3  
13  13  13  3  3  
13  14  14  4  3  
13  14  14  4  3  
13  15  15  5  3  
13  15  15  5  3  
14  14  14  5  4  
14  14  14  5  4  
13  13  14  4  4  
13  13  14  4  4  
14  13  13  4  4  
14  13  13  4  4  
13  14  13  2  3  
13  14  13  2  3  
13  15  14  3  3  
13  15  14  3  3  
14  15  14  4  4  
14  15  14  4  4  
13  14  14  3  4  
13  14  14  3  4  
14  14  13  3  4  
14  14  13  3  4  
13  13  12  2  2  
13  13  12  2  2  
13  14  13  3  2  
13  14  13  3  2  
13  15  14  4  2  
13  15  14  4  2  
14  15  14  5  3  
14  15  14  5  3  
14  16  14  4  3  
14  16  14  4  3  
13  14  14  4  3  
13  14  14  4  3  
13  15  15  5  3  
13  15  15  5  3  
14  14  14  5  4  
14  14  14  5  4  
14  14  13  4  3  
14  14  13  4  3  
14  15  13  3  3  
14  15  13  3  3  
13  13  13  3  3  
13  13  13  3  3  
13  14  14  4  3  
13  14  14  4  3  
13  15  15  5  3  
13  15  15  5  3  
14  14  14  5  4  
14  14  14  5  4  
13  13  14  4  4  
13  13  14  4  4  
14  13  13  4  4  
14  13  13  4  4  
14  13  12  3  3  
14  13  12  3  3  
14  14  12  2  3  
14  14  12  2  3  
13  14  12  1  2  
13  14  12  1  2  
13  15  13  2  2  
13  15  13  2  2  
13  15  14  3  3  
13  15  14  3  3  
14  15  14  4  4  
14  15  14  4  4  
14  15  13  3  3  
14  15  13  3  3  
14  16  13  2  3  
14  16  13  2  3  
13  14  13  2  3  
13  14  13  2  3  
13  15  14  3  3  
13  15  14  3  3  
14  15  14  4  4  
14  15  14  4  4  
13  14  14  3  4  
13  14  14  3  4  
14  14  13  3  4  
14  14  13  3  4  
14  14  12  2  3  
14  14  12  2  3  
14  15  12  1  3  
14  15  12  1  3  
10  12  12  2  0  
10  12  12  2  0  
11  13  13  2  0  
11  13  13  2  0  
12  14  14  2  0  
12  14  14  2  0  
13  15  15  2  0  
13  15  15  2  0  
12  15  15  3  0  
12  15  15  3  0  
13  14  14  3  1  
13  14  14  3  1  
13  15  15  4  1  
13  15  15  4  1  
14  14  14  4  2  
14  14  14  4  2  
14  15  14  3  2  
14  15  14  3  2  
13  15  14  2  1  
13  15  14  2  1  
14  15  14  3  2  
14  15  14  3  2  
14  16  14  2  2  
14  16  14  2  2  
11  14  14  3  0  
11  14  14  3  0  
12  15  15  3  0  
12  15  15  3  0  
11  15  15  4  0  
11  15  15  4  0  
12  14  14  4  1  
12  14  14  4  1  
13  15  15  4  1  
13  15  15  4  1  
12  15  15  5  1  
12  15  15  5  1  
13  14  14  5  2  
13  14  14  5  2  
13  15  15  6  2  
13  15  15  6  2  
14  14  14  6  3  
14  14  14  6  3  
14  15  14  5  3  
14  15  14  5  3  
13  15  14  4  2  
13  15  14  4  2  
14  15  14  5  3  
14  15  14  5  3  
14  16  14  4  3  
14  16  14  4  3  
12  15  14  3  1  
12  15  14  3  1  
13  16  15  3  1  
13  16  15  3  1  
13  15  14  4  2  
13  15  14  4  2  
14  15  14  5  3  
14  15  14  5  3  
14  16  14  4  3  
14  16  14  4  3  
13  16  14  3  2  
13  16  14  3  2  
11  13  14  3  1  
11  13  14  3  1  
12  14  15  3  1  
12  14  15  3  1  
11  14  15  4  1  
11  14  15  4  1  
12  13  14  4  2  
12  13  14  4  2  
13  14  15  4  2  
13  14  15  4  2  
12  14  15  5  2  
12  14  15  5  2  
13  13  14  5  3  
13  13  14  5  3  
13  14  15  6  3  
13  14  15  6  3  
14  13  14  6  4  
14  13  14  6  4  
13  14  14  4  3  
13  14  14  4  3  
13  15  15  5  3  
13  15  15  5  3  
14  14  14  5  4  
14  14  14  5  4  
12  14  14  3  2  
12  14  14  3  2  
13  15  15  3  2  
13  15  15  3  2  
12  15  15  4  2  
12  15  15  4  2  
13  14  14  4  3  
13  14  14  4  3  
13  15  15  5  3  
13  15  15  5  3  
14  14  14  5  4  
14  14  14  5  4  
13  15  14  3  3  
13  15  14  3  3  
14  15  14  4  4  
14  15  14  4  4  
12  13  13  3  1  
12  13  13  3  1  
13  14  14  3  1  
13  14  14  3  1  
13  15  15  4  1  
13  15  15  4  1  
14  14  14  4  2  
14  14  14  4  2  
14  15  14  3  2  
14  15  14  3  2  
12  14  14  4  1  
12  14  14  4  1  
13  15  15  4  1  
13  15  15  4  1  
12  15  15  5  1  
12  15  15  5  1  
13  14  14  5  2  
13  14  14  5  2  
13  15  15  6  2  
13  15  15  6  2  
14  14  14  6  3  
14  14  14  6  3  
14  15  14  5  3  
14  15  14  5  3  
13  15  14  4  2  
13  15  14  4  2  
14  15  14  5  3  
14  15  14  5  3  
14  16  14  4  3  
14  16  14  4  3  
12  13  14  4  2  
12  13  14  4  2  
13  14  15  4  2  
13  14  15  4  2  
12  14  15  5  2  
12  14  15  5  2  
13  13  14  5  3  
13  13  14  5  3  
13  14  15  6  3  
13  14  15  6  3  
14  13  14  6  4  
14  13  14  6  4  
13  14  14  4  3  
13  14  14  4  3  
13  15  15  5  3  
13  15  15  5  3  
14  14  14  5  4  
14  14  14  5  4  
13  13  13  4  2  
13  13  13  4  2  
13  14  14  5  2  
13  14  14  5  2  
13  15  15  6  2  
13  15  15  6  2  
14  14  14  6  3  
14  14  14  6  3  
14  15  14  5  3  
14  15  14  5  3  
13  13  14  5  3  
13  13  14  5  3  
13  14  15  6  3  
13  14  15  6  3  
14  13  14  6  4  
14  13  14  6  4  
14  13  13  5  3  
14  13  13  5  3  
14  14  13  4  3  
14  14  13  4  3  
13  14  13  3  2  
13  14  13  3  2  
13  15  14  4  2  
13  15  14  4  2  
14  15  14  5  3  
14  15  14  5  3  
14  16  14  4  3  
14  16  14  4  3  
13  14  14  4  3  
13  14  14  4  3  
13  15  15  5  3  
13  15  15  5  3  
14  14  14  5  4  
14  14  14  5  4  
14  14  13  4  3  
14  14  13  4  3  
14  15  13  3  3  
14  15  13  3  3  
12  14  13  2  1  
12  14  13  2  1  
13  15  14  2  1  
13  15  14  2  1  
14  15  14  3  2  
14  15  14  3  2  
14  16  14  2  2  
14  16  14  2  2  
12  15  14  3  1  
12  15  14  3  1  
13  16  15  3  1  
13  16  15  3  1  
13  15  14  4  2  
13  15  14  4  2  
14  15  14  5  3  
14  15  14  5  3  
14  16  14  4  3  
14  16  14  4  3  
13  16  14  3  2  
13  16  14  3  2  
12  14  14  3  2  
12  14  14  3  2  
13  15  15  3  2  
13  15  15  3  2  
12  15  15  4  2  
12  15  15  4  2  
13  14  14  4  3  
13  14  14  4  3  
13  15  15  5  3  
13  15  15  5  3  
14  14  14  5  4  
14  14  14  5  4  
13  15  14  3  3  
13  15  14  3  3  
14  15  14  4  4  
14  15  14  4  4  
13  14  13  3  2  
13  14  13  3  2  
13  15  14  4  2  
13  15  14  4  2  
14  15  14  5  3  
14  15  14  5  3  
14  16  14  4  3  
14  16  14  4  3  
13  14  14  4  3  
13  14  14  4  3  
13  15  15  5  3  
13  15  15  5  3  
14  14  14  5  4  
14  14  14  5  4  
14  14  13  4  3  
14  14  13  4  3  
14  15  13  3  3  
14  15  13  3  3  
13  15  13  2  2  
13  15  13  2  2  
13  15  14  3  3  
13  15  14  3  3  
14  15  14  4  4  
14  15  14  4  4  
14  15  13  3  3  
14  15  13  3  3  
14  16  13  2  3  
14  16  13  2  3  
10  13  13  3  0  
10  13  13  3  0  
11  14  14  3  0  
11  14  14  3  0  
12  15  15  3  0  
12  15  15  3  0  
11  15  15  4  0  
11  15  15  4  0  
12  14  14  4  1  
12  14  14  4  1  
13  15  15  4  1  
13  15  15  4  1  
12  15  15  5  1  
12  15  15  5  1  
13  14  14  5  2  
13  14  14  5  2  
13  15  15  6  2  
13  15  15  6  2  
14  14  14  6  3  
14  14  14  6  3  
14  15  14  5  3  
14  15  14  5  3  
13  15  14  4  2  
13  15  14  4  2  
14  15  14  5  3  
14  15  14  5  3  
14  16  14  4  3  
14  16  14  4  3  
12  15  14  3  1  
12  15  14  3  1  
13  16  15  3  1  
13  16  15  3  1  
13  15  14  4  2  
13  15  14  4  2  
14  15  14  5  3  
14  15  14  5  3  
14  16  14  4  3  
14  16  14  4  3  
13  16  14  3  2  
13  16  14  3  2  
10  14  14  4  0  
10  14  14  4  0  
11  15  15  4  0  
11  15  15  4  0  
10  15  15  5  0  
10  15  15  5  0  
11  14  14  5  1  
11  14  14  5  1  
12  15  15  5  1  
12  15  15  5  1  
11  15  15  6  1  
11  15  15  6  1  
12  14  14  6  2  
12  14  14  6  2  
13  15  15  6  2  
13  15  15  6  2  
12  15  15  7  2  
12  15  15  7  2  
13  15  14  6  3  
13  15  14  6  3  
S
