999 999
1 740048951 924919680
1 129818301 12799555
1 330533820 889201598
1 197125749 318174700
1 603690888 520006188
1 4559415 906633769
1 353263281 296658390
1 976488274 768390744
1 922946810 485631967
1 5666709 189571204
1 867874724 454534422
1 391523798 243557156
1 567333065 132409353
1 216021110 64927271
1 326096796 123561806
1 725248096 920547678
1 954443987 784730066
1 674840519 183463026
1 694919598 143106131
1 21783258 477470725
1 149494904 4984538
1 222126177 948078353
1 159718434 826140066
1 100430942 606652808
1 456696460 383827420
1 144615321 184168799
1 306979183 936387165
1 445076737 512154836
1 982328370 138636454
1 106323042 57951168
1 293213100 350580413
1 198293753 975970174
1 268064664 89600089
1 741229830 90095141
1 530625268 512271863
1 690067658 200929137
1 546524335 646940126
1 504876143 745446104
1 503454739 271207771
1 4473853 823098304
1 714148786 412543219
1 161191297 958228390
1 214219053 197031399
1 207701637 973465262
1 161475253 288225941
1 642014815 30648108
1 723901444 116709053
1 784708811 696888828
1 343532231 310163281
1 191412909 146258357
1 669096393 71680037
1 733733990 809047434
1 245737660 501798439
1 631558279 381306610
1 179892374 941638489
1 465358457 144144425
1 798879439 491948807
1 205332981 25190938
1 570740242 769279792
1 957952158 617017947
1 132488578 380945663
1 122231001 342067275
1 917330155 575791850
1 123194072 141510974
1 419725810 640886853
1 201121564 110865770
1 357747144 849521255
1 13900550 698309974
1 205679287 196083517
1 252357109 85728138
1 404780979 718698935
1 538479819 734229475
1 281359388 48243422
1 47969127 910749864
1 422169902 916551804
1 36053737 364769305
1 207358236 496891949
1 970545952 473011230
1 63900320 816811896
1 584184658 96312922
1 566557742 986457574
1 818263717 73016231
1 125905248 611089419
1 451954045 134953454
1 114426944 614257252
1 599103868 735372340
1 447601427 201968148
1 994911231 165383875
1 548063876 752201949
1 306612241 64160265
1 740408132 519223806
1 291376361 899784167
1 286520090 884816056
1 975255282 165825601
1 660114845 442658091
1 723664721 433072886
1 443933275 621341825
1 40465526 144757961
1 13002415 635740558
1 94630924 762514397
1 448180174 339034389
1 667942074 998393427
1 488384926 602952448
1 784749495 587686238
1 25479070 877483737
1 925390470 754036294
1 935436268 149576589
1 449679130 555162695
1 221331388 474961512
1 592603746 654982814
1 342922156 439545922
1 788617572 26463320
1 244949558 934048585
1 909444117 31653651
1 513668902 348974974
1 423653314 432958593
1 769448316 764303356
1 972762160 213597087
1 118773891 13456552
1 799821661 502509854
1 843553812 714859368
1 215052692 175616543
1 347694690 194629921
1 983516210 775310511
1 591474276 999333347
1 176280997 374767366
1 149004008 137408632
1 435001263 824871431
1 458988822 256849908
1 989132460 471322371
1 702010349 412779025
1 19477992 387570709
1 741477670 960574727
1 9627545 187348799
1 356648389 355593724
1 162602676 263976548
1 834844139 714778322
1 356630069 47689484
1 829390737 253764082
1 121249216 21075956
1 979067624 962831832
1 456592789 788912570
1 372901436 790131484
1 912986571 587619560
1 719894085 337019397
1 91748311 120604431
1 201874439 27017660
1 124286247 170343376
1 941066894 87205881
1 810290937 11467463
1 543253899 160792027
1 251201854 789688754
1 48732682 858916867
1 898457355 60738359
1 855354708 691044338
1 566328541 429243661
1 901771386 72566201
1 846459918 165659029
1 559644187 108960696
1 499746129 424646686
1 758285819 134777213
1 667419853 811359668
1 559333464 181606529
1 601690598 113386863
1 351139808 321691100
1 630674755 564304271
1 389597734 84454213
1 117889961 42146924
1 343593365 190158772
1 568869820 397868296
1 348900099 126586161
1 962386056 768592566
1 246789932 7464767
1 178993494 866547858
1 513298970 366957369
1 727139325 494178776
1 305666823 561410537
1 595383813 489433718
1 828737830 810752946
1 531278651 110766778
1 567360051 792984477
1 293014445 513774544
1 262044207 835510699
1 986934052 236922536
1 744553362 321144065
1 116141572 514722637
1 690124158 357546059
1 632444092 236780172
1 216978448 329542930
1 237121414 717439913
1 912276528 745850163
1 869183191 971102821
1 595057694 303318979
1 287423942 836449669
1 66246612 803257316
1 717176418 551325293
1 264015434 399163114
1 573517199 196955857
1 7441918 108221456
1 511542355 115321544
1 74858040 299618294
1 767712201 650189609
1 396632364 410901460
1 414888897 158290070
1 487834555 735780217
1 652145439 999342632
1 188882139 354258485
1 483944010 919383459
1 708193553 47652175
1 117512436 932513768
1 978757926 259726262
1 56204992 891979511
1 191403639 137941114
1 678383271 596953774
1 119562313 586584646
1 78916609 354037264
1 653529034 276598611
1 61741796 252742449
1 835053211 726662710
1 594904519 669368979
1 38626613 95896806
1 613263403 136970846
1 878902208 316885790
1 115461842 389445253
1 699310912 140497953
1 96507814 95149922
1 605321508 8549117
1 180224093 74388781
1 843770688 64927006
1 632083456 618021861
1 331575873 868612124
1 171017777 755636931
1 473595913 945092587
1 347866291 931244281
1 186572122 391529834
1 765408370 791429060
1 52882224 880792557
1 941131769 30076359
1 585400872 2847375
1 494319264 202618383
1 12116836 222673343
1 343234098 594409244
1 445842537 705074976
1 756933730 885053860
1 283406671 97190451
1 46931547 90485489
1 176335894 149937598
1 900282 98654045
1 869763307 983694198
1 30463829 904466017
1 701882260 407470849
1 451568743 308655103
1 176222224 179948133
1 156373868 448594126
1 232050261 238433675
1 490370489 762055084
1 721084200 11929379
1 581426427 983364739
1 516213577 960633337
1 785053065 247336287
1 256674467 780603693
1 723215420 324121920
1 956738920 700963351
1 939452867 877541503
1 969837815 663275975
1 460293237 705316343
1 809497674 711481751
1 91505618 922587630
1 776556042 319275075
1 682706000 234616079
1 202899311 72172188
1 561148750 626347273
1 92535396 464240144
1 522619569 251958531
1 31584387 410331500
1 965951741 567518245
1 456405187 783369403
1 223319681 325442189
1 523704646 161494847
1 84989825 933320676
1 57616249 634150724
1 254876675 275379538
1 705248657 151930406
1 503452175 228114623
1 205510920 868328064
1 978256992 223441690
1 771109799 771560726
1 678981797 66445668
1 45282608 648560196
1 723795037 121305182
1 709924213 277105159
1 498772638 36031203
1 71060020 304848408
1 659890597 175710671
1 342862572 792622703
1 396592508 888525315
1 691092461 244923982
1 837165092 713824678
1 571505229 741514419
1 491838093 451250326
1 984465895 349775708
1 97082158 158214942
1 428174501 904115788
1 102033882 629977977
1 446301150 616027657
1 938014588 533727889
1 124680266 143148346
1 45175166 635761080
1 538396838 487051455
1 527802322 666163744
1 224273285 320279088
1 77039182 450849889
1 701836866 792017538
1 563247081 385774391
1 245708589 13202142
1 197076098 631173990
1 548900864 580052314
1 839419880 309846017
1 899054424 505742454
1 959413989 209186378
1 13183411 175751614
1 527543284 252974303
1 587721487 557739456
1 171622050 174235007
1 247806818 711377171
1 615013330 483222877
1 211016541 852481968
1 386887172 625195266
1 960394340 860581528
1 524683942 588137190
1 516477019 300357159
1 746949139 932262458
1 798297779 305923775
1 511630183 236941671
1 999550642 830553260
1 929862618 755500085
1 571317259 729786276
1 207483340 452031230
1 356127634 400220449
1 355330337 677930230
1 82174296 857365007
1 707886195 176853563
1 386038229 389395794
1 284578003 249393130
1 807037394 163745084
1 669678178 319343719
1 976402429 473077476
1 54192780 870944288
1 821650881 166506757
1 438465947 73756950
1 750585456 770816514
1 678145133 889535702
1 536435772 532648476
1 146830594 116061533
1 36142262 498103911
1 542753397 338789501
1 304954962 127559523
1 99548868 21042041
1 448099892 782713393
1 999122821 82616654
1 159161846 416005207
1 992835319 428247821
1 632727756 63858795
1 6008215 634295252
1 333498194 964806466
1 124991358 283725718
1 134339455 630885766
1 802758152 463990210
1 186078292 681663612
1 675384007 373426185
1 879696927 788826141
1 61188358 334023149
1 754285363 678127700
1 581863501 532311447
1 733727013 898806417
1 131134657 661958377
1 617957493 573646537
1 709683065 312076595
1 388086664 664725909
1 699337316 377248559
1 374141028 356139180
1 17869100 825736767
1 134937711 155377545
1 280792059 43541732
1 870879795 775660260
1 202120059 860185706
1 650202483 556335845
1 415676227 299022076
1 344719894 589357430
1 649140586 681880720
1 781200037 706982679
1 827916832 44625089
1 694545894 304713944
1 451273550 789797293
1 313202838 517679469
1 685882217 77687670
1 211457150 667862843
1 324756860 432598993
1 793894663 464680808
1 761077361 807583373
1 650950731 40216677
1 54504490 228929808
1 562350116 135847743
1 678532354 748086686
1 341358782 288227937
1 981859822 853684806
1 327851977 912622884
1 531936715 78925122
1 257646050 930129998
1 336867928 765350982
1 6410657 162708427
1 595580505 293247446
1 221142578 242094067
1 205650537 67387336
1 578675121 986805031
1 535700186 261577878
1 379692161 105213268
1 808968620 409605761
1 52574808 447492648
1 275411481 13501882
1 797908253 201611234
1 686149001 912053995
1 363866200 613280391
1 616075261 358249440
1 181020391 572867385
1 858487953 457380456
1 121314533 764353706
1 124802393 48253188
1 639695277 848362235
1 170207955 236881881
1 455849423 32578443
1 715902795 974885071
1 163852621 796965693
1 37676269 510355796
1 228113620 440280023
1 142909271 782378929
1 47938214 977152229
1 53667564 47616408
1 120946260 662735267
1 312782526 43430273
1 719850171 746440446
1 838817343 920424893
1 546825383 57181499
1 935249282 94848759
1 543993507 60986870
1 276469328 612867235
1 418379279 632060453
1 222380363 925215161
1 791996604 776257900
1 725474455 784501166
1 675471942 58371152
1 791594248 663332971
1 734683682 590651702
1 953647152 277226103
1 175394735 157242392
1 957822156 579557980
1 696343242 447970722
1 985943959 569277239
1 3167232 692060696
1 764131417 804516459
1 163146486 459351561
1 674418753 537292805
1 332725816 75372724
1 861753709 864871795
1 22306621 683698078
1 14026018 98040512
1 515545948 831716038
1 311135690 134861385
1 620244769 568210045
1 116753681 272041787
1 28286185 250498817
1 688611613 706006008
1 520647196 314540225
1 27686550 116873029
1 563909528 575081463
1 692909330 716270207
1 592633637 157360851
1 910603057 537110477
1 593279309 478773342
1 920393616 730794771
1 640530810 858779837
1 560340413 925529196
1 652326043 739786766
1 926778376 458252319
1 279691683 729391476
1 952450497 492398341
1 418422673 213899764
1 805830289 203284172
1 750319978 603895062
1 559202498 920923192
1 865284219 865589827
1 607321086 255718211
1 852993810 459115876
1 783382482 880113795
1 951177968 372818486
1 366124985 921974240
1 546699316 440362146
1 739428004 871576617
1 853589413 86502331
1 928001308 891739042
1 705990115 728713130
1 668046859 819052697
1 292218693 24472562
1 451004236 203899120
1 535019847 564538540
1 875123410 876632145
1 791346414 792954227
1 254163608 382785773
1 960850406 728726780
1 722049344 846213989
1 878032209 727198126
1 384532187 54173086
1 112733802 636433560
1 680365326 342592385
1 197419797 965272142
1 105731344 850701117
1 954056376 712602930
1 815411923 535038354
1 718172943 120051792
1 391493699 92188332
1 224538893 489385450
1 687093901 760602766
1 370911663 560271378
1 765325643 194014949
1 554414142 106940261
1 849099794 791403443
1 904318981 147343848
1 12002568 11181205
1 560080476 851735331
1 123407912 440552560
1 651137517 91583107
1 700206210 155385910
1 954238244 267269690
1 7464566 902909236
1 712566863 387945700
1 639203507 380139855
1 835948574 742643122
1 698190991 438317107
1 939731293 114596344
1 329407053 924476383
1 310855401 511990034
1 339395174 291101564
1 140488415 542736361
1 11058909 976468499
1 488429033 137237375
1 95362756 739039430
1 89042753 331404868
1 987336135 552280576
1 862158469 225222174
1 614739268 172030137
1 842781716 623143778
1 543949484 321092309
1 248339457 280527678
1 902425456 535123878
1 940339669 956658610
1 218731111 514757491
1 709967792 802515990
1 896122508 828175545
1 823691492 103317482
1 433722191 9366219
1 876236578 258293898
1 72577626 41448686
1 26240818 588259069
1 7004833 204584802
1 43577958 915795057
1 408504761 234298668
1 188868516 125296724
1 171178102 509756981
1 963754098 138954343
1 999536745 242481312
1 958922303 889859433
1 542576754 664917894
1 465442407 555092075
1 942327638 801693819
1 544701874 874587735
1 427438623 628137546
1 967476473 778390274
1 208905845 92257717
1 686444589 792055639
1 804706949 650661615
1 431857052 519724682
1 244148373 707939241
1 94614159 42271533
1 204885193 89152610
1 579297815 715004854
1 322023231 585652977
1 459648714 817257939
1 371174064 675477691
1 889472932 737901357
1 789459829 297374837
1 969762461 544284944
1 710585281 443235378
1 841999239 711459790
1 585334865 100489148
1 559014212 110905459
1 653267365 173695022
1 11507505 133108305
1 49791461 473946344
1 308929 335675918
1 689311233 372596044
1 70850983 879509421
1 69971565 338538046
1 967773003 112697621
1 15420028 904846465
1 321266991 553407757
1 945358953 563902565
1 583093937 91917898
1 293894747 276624729
1 143967733 37575518
1 437138946 245687613
1 711591166 376296819
1 550978534 346735074
1 515301118 657320453
1 49870531 448370765
1 802438043 171864119
1 467292773 441938732
1 648702247 111673157
1 758227141 355597489
1 370062732 531695012
1 815126693 829123616
1 479766906 434273235
1 678639535 401994106
1 488197053 385833162
1 549976258 474330096
1 762529911 450787459
1 600303796 427725766
1 411203387 492949263
1 550105102 492327557
1 70598191 132822993
1 840267847 322220435
1 982678018 720203096
1 869444534 275548750
1 523514683 470775422
1 550581299 905835948
1 43997973 739557643
1 212455035 259446862
1 790628936 619203363
1 982119471 715616833
1 103814796 851533586
1 235286010 727554521
1 265011829 965704703
1 357367027 548840708
1 660540368 4488564
1 676108931 819805618
1 808670247 689818044
1 565527023 843032517
1 329176829 350068909
1 280713875 84008313
1 70155516 721192365
1 419497993 106933828
1 764435503 620322567
1 163157221 639774706
1 583091591 845467254
1 464160286 126815829
1 392003190 710763912
1 882192224 570588458
1 822153085 810093375
1 889997709 760872386
1 840006188 219484916
1 126558928 860070944
1 638811857 33107824
1 484312794 882106628
1 618229334 847510930
1 649665423 119903013
1 568841682 72436577
1 870964892 58401892
1 804363687 323908122
1 156021316 172725025
1 600891276 357062469
1 861565852 2526490
1 413816475 461446339
1 979953965 827179490
1 406942254 536025861
1 308112957 871395382
1 314497731 806109650
1 777092490 745422023
1 605140783 118587689
1 670164547 51296561
1 987033925 915488047
1 969356883 963165017
1 206633785 412967296
1 484564516 610809566
1 926625365 241101511
1 19872766 934591455
1 43050935 441032662
1 3304735 855589970
1 761163130 308640731
1 186036426 125505397
1 305116987 703230051
1 997175424 564969980
1 152101073 650172559
1 999457135 258981111
1 99081745 760040368
1 106095033 727792621
1 274011172 893807214
1 212884122 235682552
1 275641281 373761766
1 290532886 755885371
1 6357160 56562926
1 687434924 256746808
1 509250363 248517646
1 315446751 369398192
1 257192621 899283383
1 551667222 184096055
1 51000423 318134208
1 113812302 582913884
1 262998939 701822247
1 86000041 146194656
1 478738057 322277268
1 3312299 982718118
1 617272697 801698400
1 631178402 793669881
1 730348273 739876637
1 708206421 470946073
1 976321353 903411722
1 491403765 593950571
1 806832411 220584519
1 870566642 600443661
1 463193696 268228297
1 943018021 667542665
1 693206754 420108081
1 930537044 205675985
1 302939157 962168309
1 709693428 693268958
1 695006487 810470976
1 153785351 40545494
1 903238526 960984417
1 400653525 68056261
1 88549399 43581622
1 346972268 144806671
1 762102040 56515572
1 30130941 397563273
1 239909306 121879101
1 401770048 653589146
1 637214028 948199585
1 277386493 995273861
1 892956619 306170297
1 730190056 228207165
1 551605430 938536489
1 835482350 349267295
1 977205446 84482313
1 880274713 555235786
1 711973789 364590639
1 497708549 538777978
1 130365561 413642365
1 970476202 448206627
1 51956411 146017573
1 865703289 466448376
1 729106999 352620989
1 191302130 431879351
1 235331661 347327231
1 562574734 616035175
1 725609687 909861743
1 716126124 433408280
1 411541682 529200965
1 900502457 427534390
1 341243858 504183916
1 582324909 51766184
1 46121757 719751910
1 543784212 838333099
1 530795608 227692596
1 283297108 196227335
1 637014656 892321675
1 256001946 7940059
1 182361573 491793142
1 263406204 104274161
1 377805429 459679602
2 218207912 665791555
1 400729403 343337807
1 850855042 20064099
1 744557826 396170513
1 16242466 256702893
1 621719247 372936605
1 299191013 244137864
1 665853262 251468495
1 638867396 819068150
1 695470786 816988259
1 133433775 441507535
1 601180551 923940100
1 280838961 38845068
1 312806942 99284916
1 837059702 297040017
1 774226291 610834242
1 553951527 921704544
1 84322337 13794586
1 325261919 124169596
1 641674614 109845911
1 978916631 779597550
1 792059511 40557271
1 14593149 453919485
1 111637210 533364639
2 66581840 202004793
1 429232296 502607177
1 96563345 235480861
1 301350132 818207476
1 671620641 547043233
1 65869702 118003309
1 864578687 99636807
1 759336872 826977230
1 765507949 110548244
1 378764583 547795351
1 80515727 899083235
1 497504939 411672002
1 560609334 943295727
1 369334836 975827400
1 37238245 383915947
1 76467065 779719127
1 34371524 802081403
1 420318936 19620947
1 549727419 794081739
1 187427526 528897911
1 787012372 965154331
1 968248964 522239560
1 295491748 140595350
1 392743631 270453917
1 79103563 201205848
1 445366868 300440681
1 696797339 637528060
1 74668047 815416081
1 527094700 303557603
1 751976446 319843905
1 57158836 181839952
1 176393273 114306451
1 885923264 1151975
1 137798487 784778121
1 778798527 354014824
1 973220254 322848357
1 686709467 741871469
1 562528541 194174493
1 1171820 160404495
1 339359375 689427771
1 175692791 78723712
1 42041414 653882391
1 204891302 984805151
1 982909886 322241278
1 214132851 895718032
1 873456236 773726138
1 763243434 705550285
1 119930101 325546621
1 303496539 385647926
1 711258813 232890889
1 204570581 889414598
1 68377586 904293913
1 623876314 474044744
1 536483761 546221021
1 177829258 626586229
1 689626583 377716200
1 367964373 417292229
1 743738709 307151554
1 81381654 981859286
1 914341472 737120550
1 593162668 458850280
1 135804187 833337795
1 16982849 608396670
1 613037486 841972543
1 272007089 777944007
1 264522909 545382273
1 896040058 235416973
1 975211408 575918930
1 741193740 838035580
1 549713722 356854838
1 476471114 83493335
1 311245799 630958279
1 924016639 493400216
1 483541817 809198071
1 921392451 338345440
1 730713690 438989215
1 772675045 515867906
1 707138013 694081993
1 320448787 41260080
1 36120675 928269780
1 420224429 431241798
1 566510678 549957995
1 809851993 431091665
1 217013517 918947613
1 930853245 432120320
1 224448983 332773149
1 249242397 423854729
1 481435974 569011700
1 956881920 956880704
1 996866223 810679714
1 321262598 479574606
1 141812657 885961676
1 824244455 807032035
1 121165303 49223674
1 434307695 112513712
1 744309100 303778503
1 102149667 782997894
1 516864053 362786656
1 640155706 203879272
1 46080012 18143695
1 93164148 87235351
1 561779548 490751024
1 792679452 722487423
1 558734632 499950271
1 780084735 289454788
1 555068802 165371224
1 366477385 402310099
1 224319591 98544030
1 58510990 994182251
1 968301165 606603189
1 635633134 147917891
1 448699435 476319428
1 326212148 121820645
1 415481959 535948516
1 66050794 659627837
1 453075471 655407413
1 942003710 6908286
1 725431478 855165305
1 846067965 20555899
1 47444432 475114165
1 122604747 974143934
1 191013244 664518221
1 85575397 37611045
1 744227738 83811016
1 46560507 296867150
1 608522894 127152444
1 824470623 313270317
1 572505149 12795614
1 639590304 84081024
1 979491319 493939109
1 879620062 289934664
1 184891992 863850913
1 819210751 957431140
1 977083882 41356165
1 9712079 815133159
1 668620227 511209016
1 522878943 523311477
1 417714375 401458582
1 948566387 429649559
1 433545847 986014836
1 296622294 814329149
1 479174680 425170510
1 7388754 421715530
1 89814354 976327484
1 915359501 667264777
1 873514269 749086769
1 857008893 368622800
1 963459295 626651263
1 462369964 456150102
1 334716737 117505844
1 214723511 85522417
1 529016434 389886236
1 545612797 359106489
1 581792530 694006919
1 174619486 367039400
1 105738914 623425038
1 227478812 508480202
1 491422895 122489903
1 955264497 335634685
1 498634061 61472633
1 685740603 845064819
1 584182916 67035128
1 998610028 54039291
1 48981047 176693637
1 407917783 106377657
1 831371150 119289246
1 834892761 177463207
1 865603008 928509256
1 35520617 580513209
1 380655524 116586033
1 112468938 479831606
1 288671658 538997433
1 325696907 52099746
1 755185759 778697743
1 602657841 130433013
1 681184675 435510568
1 777459320 113777823
1 380458226 302587263
1 941630278 173087603
1 281593991 489227327
1 58223063 95455387
1 14320833 965050345
1 778330116 864344313
1 578340568 658940054
1 476952947 739209625
1 407604436 134921922
1 412112421 738698172
1 396466047 556073866
1 811446912 467091534
1 828767141 510404345
1 288407579 188567552
1 822822186 170772000
1 336692763 175857896
1 433125278 359962594
1 921349005 755632165
1 668805848 483457516
1 985685644 729765750
1 326369266 407997802
1 257394046 782644642
1 545345807 166772853
1 442264393 696750884
1 361111826 417673160
1 359715299 361542566
1 276487775 568400895
1 88551043 864190908
1 227833372 25119181
1 399888946 102678890
1 170929972 634403365
